row_index,WTUR.TmHvElt.actTmVal
1,49637.11
2,49637.12
3,49637.12
4,49637.12
5,49637.12
6,49637.12
7,49637.13
8,49637.13
9,49637.13
10,49637.13
11,49637.13
12,49637.14
13,49637.14
14,49637.14
15,49637.14
16,49637.14
17,49637.15
18,49637.15
19,49637.15
20,49637.15
21,49637.15
22,49637.16
23,49637.16
24,49637.16
25,49637.16
26,49637.16
27,49637.17
28,49637.17
29,49637.17
30,49637.17
31,49637.18
32,49637.18
33,49637.18
34,49637.18
35,49637.18
36,49637.19
37,49637.19
38,49637.19
39,49637.19
40,49637.19
41,49637.2
42,49637.2
43,49637.2
44,49637.2
45,49637.2
46,49637.21
47,49637.21
48,49637.21
49,49637.21
50,49637.21
51,49637.22
52,49637.22
53,49637.22
54,49637.22
55,49637.22
56,49637.23
57,49637.23
58,49637.23
59,49637.23
60,49637.23
61,49637.24
62,49637.24
63,49637.24
64,49637.24
65,49637.24
66,49637.25
67,49637.25
68,49637.25
69,49637.25
70,49637.25
71,49637.26
72,49637.26
73,49637.26
74,49637.26
75,49637.26
76,49637.27
77,49637.27
78,49637.27
79,49637.27
80,49637.27
81,49637.28
82,49637.28
83,49637.28
84,49637.28
85,49637.28
86,49637.28
87,49637.29
88,49637.29
89,49637.29
90,49637.29
91,49637.29
92,49637.3
93,49637.3
94,49637.3
95,49637.3
96,49637.3
97,49637.31
98,49637.31
99,49637.31
100,49637.31
101,49637.31
102,49637.32
103,49637.32
104,49637.32
105,49637.32
106,49637.32
107,49637.33
108,49637.33
109,49637.33
110,49637.33
111,49637.33
112,49637.34
113,49637.34
114,49637.34
115,49637.34
116,49637.34
117,49637.35
118,49637.35
119,49637.35
120,49637.35
121,49637.35
122,49637.36
123,49637.36
124,49637.36
125,49637.36
126,49637.36
127,49637.37
128,49637.37
129,49637.37
130,49637.37
131,49637.37
132,49637.38
133,49637.38
134,49637.38
135,49637.38
136,49637.38
137,49637.39
138,49637.39
139,49637.39
140,49637.39
141,49637.39
142,49637.4
143,49637.4
144,49637.4
145,49637.4
146,49637.4
147,49637.41
148,49637.41
149,49637.41
150,49637.41
151,49637.41
152,49637.42
153,49637.42
154,49637.42
155,49637.42
156,49637.42
157,49637.43
158,49637.43
159,49637.43
160,49637.43
161,49637.43
162,49637.44
163,49637.44
164,49637.44
165,49637.44
166,49637.44
167,49637.45
168,49637.45
169,49637.45
170,49637.45
171,49637.45
172,49637.45
173,49637.46
174,49637.46
175,49637.46
176,49637.46
177,49637.46
178,49637.47
179,49637.47
180,49637.47
181,49637.47
182,49637.47
183,49637.48
184,49637.48
185,49637.48
186,49637.48
187,49637.48
188,49637.49
189,49637.49
190,49637.49
191,49637.49
192,49637.49
193,49637.5
194,49637.5
195,49637.5
196,49637.5
197,49637.51
198,49637.51
199,49637.51
200,49637.51
201,49637.51
202,49637.52
203,49637.52
204,49637.52
205,49637.52
206,49637.52
207,49637.53
208,49637.53
209,49637.53
210,49637.53
211,49637.53
212,49637.54
213,49637.54
214,49637.54
215,49637.54
216,49637.54
217,49637.55
218,49637.55
219,49637.55
220,49637.55
221,49637.55
222,49637.56
223,49637.56
224,49637.56
225,49637.56
226,49637.56
227,49637.57
228,49637.57
229,49637.57
230,49637.57
231,49637.57
232,49637.58
233,49637.58
234,49637.58
235,49637.58
236,49637.58
237,49637.59
238,49637.59
239,49637.59
240,49637.59
241,49637.59
242,49637.6
243,49637.6
244,49637.6
245,49637.6
246,49637.6
247,49637.61
248,49637.61
249,49637.61
250,49637.61
251,49637.61
252,49637.61
253,49637.62
254,49637.62
255,49637.62
256,49637.62
257,49637.62
258,49637.63
259,49637.63
260,49637.63
261,49637.63
262,49637.63
263,49637.64
264,49637.64
265,49637.64
266,49637.64
267,49637.64
268,49637.65
269,49637.65
270,49637.65
271,49637.65
272,49637.65
273,49637.66
274,49637.66
275,49637.66
276,49637.66
277,49637.66
278,49637.67
279,49637.67
280,49637.67
281,49637.67
282,49637.67
283,49637.68
284,49637.68
285,49637.68
286,49637.68
287,49637.68
288,49637.69
289,49637.69
290,49637.69
291,49637.69
292,49637.69
293,49637.7
294,49637.7
295,49637.7
296,49637.7
297,49637.7
298,49637.71
299,49637.71
300,49637.71
301,49637.71
302,49637.71
303,49637.72
304,49637.72
305,49637.72
306,49637.72
307,49637.72
308,49637.73
309,49637.73
310,49637.73
311,49637.73
312,49637.73
313,49637.74
314,49637.74
315,49637.74
316,49637.74
317,49637.74
318,49637.75
319,49637.75
320,49637.75
321,49637.75
322,49637.75
323,49637.76
324,49637.76
325,49637.76
326,49637.76
327,49637.76
328,49637.77
329,49637.77
330,49637.77
331,49637.77
332,49637.77
333,49637.78
334,49637.78
335,49637.78
336,49637.78
337,49637.78
338,49637.79
339,49637.79
340,49637.79
341,49637.79
342,49637.79
343,49637.8
344,49637.8
345,49637.8
346,49637.8
347,49637.8
348,49637.81
349,49637.81
350,49637.81
351,49637.81
352,49637.81
353,49637.82
354,49637.82
355,49637.82
356,49637.82
357,49637.82
358,49637.83
359,49637.83
360,49637.83
361,49637.83
362,49637.83
363,49637.84
364,49637.84
365,49637.84
366,49637.84
367,49637.84
368,49637.85
369,49637.85
370,49637.85
371,49637.85
372,49637.85
373,49637.86
374,49637.86
375,49637.86
376,49637.86
377,49637.86
378,49637.87
379,49637.87
380,49637.87
381,49637.87
382,49637.87
383,49637.88
384,49637.88
385,49637.88
386,49637.88
387,49637.88
388,49637.89
389,49637.89
390,49637.89
391,49637.89
392,49637.89
393,49637.9
394,49637.9
395,49637.9
396,49637.9
397,49637.9
398,49637.91
399,49637.91
400,49637.91
401,49637.91
402,49637.91
403,49637.92
404,49637.92
405,49637.92
406,49637.92
407,49637.92
408,49637.93
409,49637.93
410,49637.93
411,49637.93
412,49637.93
413,49637.94
414,49637.94
415,49637.94
416,49637.94
417,49637.94
418,49637.95
419,49637.95
420,49637.95
421,49637.95
422,49637.95
423,49637.95
424,49637.96
425,49637.96
426,49637.96
427,49637.96
428,49637.96
429,49637.97
430,49637.97
431,49637.97
432,49637.97
433,49637.97
434,49637.98
435,49637.98
436,49637.98
437,49637.98
438,49637.98
439,49637.99
440,49637.99
441,49637.99
442,49637.99
443,49637.99
444,49638.0
445,49638.0
446,49638.0
447,49638.0
448,49638.0
449,49638.01
450,49638.01
451,49638.01
452,49638.01
453,49638.01
454,49638.02
455,49638.02
456,49638.02
457,49638.02
458,49638.02
459,49638.03
460,49638.03
461,49638.03
462,49638.03
463,49638.03
464,49638.04
465,49638.04
466,49638.04
467,49638.04
468,49638.04
469,49638.05
470,49638.05
471,49638.05
472,49638.05
473,49638.05
474,49638.06
475,49638.06
476,49638.06
477,49638.06
478,49638.06
479,49638.07
480,49638.07
481,49638.07
482,49638.07
483,49638.07
484,49638.08
485,49638.08
486,49638.08
487,49638.08
488,49638.08
489,49638.09
490,49638.09
491,49638.09
492,49638.09
493,49638.09
494,49638.1
495,49638.1
496,49638.1
497,49638.1
498,49638.1
499,49638.11
500,49638.11
501,49638.11
502,49638.11
503,49638.11
504,49638.12
505,49638.12
506,49638.12
507,49638.12
508,49638.12
509,49638.12
510,49638.13
511,49638.13
512,49638.13
513,49638.13
514,49638.13
515,49638.14
516,49638.14
517,49638.14
518,49638.14
519,49638.14
520,49638.15
521,49638.15
522,49638.15
523,49638.15
524,49638.15
525,49638.16
526,49638.16
527,49638.16
528,49638.16
529,49638.16
530,49638.17
531,49638.17
532,49638.17
533,49638.17
534,49638.17
535,49638.18
536,49638.18
537,49638.18
538,49638.18
539,49638.18
540,49638.19
541,49638.19
542,49638.19
543,49638.19
544,49638.19
545,49638.2
546,49638.2
547,49638.2
548,49638.2
549,49638.2
550,49638.21
551,49638.21
552,49638.21
553,49638.21
554,49638.21
555,49638.22
556,49638.22
557,49638.22
558,49638.22
559,49638.22
560,49638.23
561,49638.23
562,49638.23
563,49638.23
564,49638.23
565,49638.24
566,49638.24
567,49638.24
568,49638.24
569,49638.25
570,49638.25
571,49638.25
572,49638.25
573,49638.25
574,49638.26
575,49638.26
576,49638.26
577,49638.26
578,49638.26
579,49638.27
580,49638.27
581,49638.27
582,49638.27
583,49638.27
584,49638.28
585,49638.28
586,49638.28
587,49638.28
588,49638.28
589,49638.28
590,49638.29
591,49638.29
592,49638.29
593,49638.29
594,49638.29
595,49638.3
596,49638.3
597,49638.3
598,49638.3
599,49638.3
600,49638.31
601,49638.31
602,49638.31
603,49638.31
604,49638.31
605,49638.32
606,49638.32
607,49638.32
608,49638.32
609,49638.32
610,49638.33
611,49638.33
612,49638.33
613,49638.33
614,49638.33
615,49638.34
616,49638.34
617,49638.34
618,49638.34
619,49638.34
620,49638.35
621,49638.35
622,49638.35
623,49638.35
624,49638.35
625,49638.36
626,49638.36
627,49638.36
628,49638.36
629,49638.36
630,49638.37
631,49638.37
632,49638.37
633,49638.37
634,49638.37
635,49638.38
636,49638.38
637,49638.38
638,49638.38
639,49638.38
640,49638.39
641,49638.39
642,49638.39
643,49638.39
644,49638.39
645,49638.4
646,49638.4
647,49638.4
648,49638.4
649,49638.4
650,49638.41
651,49638.41
652,49638.41
653,49638.41
654,49638.41
655,49638.42
656,49638.42
657,49638.42
658,49638.42
659,49638.42
660,49638.43
661,49638.43
662,49638.43
663,49638.43
664,49638.43
665,49638.44
666,49638.44
667,49638.44
668,49638.44
669,49638.44
670,49638.45
671,49638.45
672,49638.45
673,49638.45
674,49638.45
675,49638.45
676,49638.46
677,49638.46
678,49638.46
679,49638.46
680,49638.46
681,49638.47
682,49638.47
683,49638.47
684,49638.47
685,49638.47
686,49638.48
687,49638.48
688,49638.48
689,49638.48
690,49638.48
691,49638.49
692,49638.49
693,49638.49
694,49638.49
695,49638.49
696,49638.5
697,49638.5
698,49638.5
699,49638.5
700,49638.5
701,49638.51
702,49638.51
703,49638.51
704,49638.51
705,49638.51
706,49638.52
707,49638.52
708,49638.52
709,49638.52
710,49638.52
711,49638.53
712,49638.53
713,49638.53
714,49638.53
715,49638.53
716,49638.54
717,49638.54
718,49638.54
719,49638.54
720,49638.54
721,49638.55
722,49638.55
723,49638.55
724,49638.55
725,49638.55
726,49638.56
727,49638.56
728,49638.56
729,49638.56
730,49638.56
731,49638.57
732,49638.57
733,49638.57
734,49638.57
735,49638.57
736,49638.58
737,49638.58
738,49638.58
739,49638.58
740,49638.58
741,49638.59
742,49638.59
743,49638.59
744,49638.59
745,49638.59
746,49638.6
747,49638.6
748,49638.6
749,49638.6
750,49638.61
751,49638.61
752,49638.61
753,49638.61
754,49638.61
755,49638.62
756,49638.62
757,49638.62
758,49638.62
759,49638.62
760,49638.62
761,49638.63
762,49638.63
763,49638.63
764,49638.63
765,49638.63
766,49638.64
767,49638.64
768,49638.64
769,49638.64
770,49638.64
771,49638.65
772,49638.65
773,49638.65
774,49638.65
775,49638.65
776,49638.66
777,49638.66
778,49638.66
779,49638.66
780,49638.66
781,49638.67
782,49638.67
783,49638.67
784,49638.67
785,49638.67
786,49638.68
787,49638.68
788,49638.68
789,49638.68
790,49638.68
791,49638.69
792,49638.69
793,49638.69
794,49638.69
795,49638.69
796,49638.7
797,49638.7
798,49638.7
799,49638.7
800,49638.7
801,49638.71
802,49638.71
803,49638.71
804,49638.71
805,49638.71
806,49638.72
807,49638.72
808,49638.72
809,49638.72
810,49638.72
811,49638.73
812,49638.73
813,49638.73
814,49638.73
815,49638.73
816,49638.74
817,49638.74
818,49638.74
819,49638.74
820,49638.74
821,49638.75
822,49638.75
823,49638.75
824,49638.75
825,49638.75
826,49638.76
827,49638.76
828,49638.76
829,49638.76
830,49638.76
831,49638.77
832,49638.77
833,49638.77
834,49638.77
835,49638.77
836,49638.78
837,49638.78
838,49638.78
839,49638.78
840,49638.78
841,49638.78
842,49638.79
843,49638.79
844,49638.79
845,49638.79
846,49638.79
847,49638.8
848,49638.8
849,49638.8
850,49638.8
851,49638.8
852,49638.81
853,49638.81
854,49638.81
855,49638.81
856,49638.81
857,49638.82
858,49638.82
859,49638.82
860,49638.82
861,49638.82
862,49638.83
863,49638.83
864,49638.83
865,49638.83
866,49638.83
867,49638.84
868,49638.84
869,49638.84
870,49638.84
871,49638.84
872,49638.85
873,49638.85
874,49638.85
875,49638.85
876,49638.85
877,49638.86
878,49638.86
879,49638.86
880,49638.86
881,49638.86
882,49638.87
883,49638.87
884,49638.87
885,49638.87
886,49638.87
887,49638.88
888,49638.88
889,49638.88
890,49638.88
891,49638.88
892,49638.89
893,49638.89
894,49638.89
895,49638.89
896,49638.89
897,49638.9
898,49638.9
899,49638.9
900,49638.9
901,49638.9
902,49638.91
903,49638.91
904,49638.91
905,49638.91
906,49638.91
907,49638.92
908,49638.92
909,49638.92
910,49638.92
911,49638.92
912,49638.93
913,49638.93
914,49638.93
915,49638.93
916,49638.93
917,49638.94
918,49638.94
919,49638.94
920,49638.94
921,49638.94
922,49638.95
923,49638.95
924,49638.95
925,49638.95
926,49638.95
927,49638.96
928,49638.96
929,49638.96
930,49638.96
931,49638.96
932,49638.97
933,49638.97
934,49638.97
935,49638.97
936,49638.97
937,49638.98
938,49638.98
939,49638.98
940,49638.98
941,49638.98
942,49638.99
943,49638.99
944,49638.99
945,49638.99
946,49638.99
947,49639.0
948,49639.0
949,49639.0
950,49639.0
951,49639.0
952,49639.01
953,49639.01
954,49639.01
955,49639.01
956,49639.01
957,49639.02
958,49639.02
959,49639.02
960,49639.02
961,49639.02
962,49639.03
963,49639.03
964,49639.03
965,49639.03
966,49639.03
967,49639.04
968,49639.04
969,49639.04
970,49639.04
971,49639.04
972,49639.05
973,49639.05
974,49639.05
975,49639.05
976,49639.05
977,49639.06
978,49639.06
979,49639.06
980,49639.06
981,49639.06
982,49639.07
983,49639.07
984,49639.07
985,49639.07
986,49639.07
987,49639.08
988,49639.08
989,49639.08
990,49639.08
991,49639.08
992,49639.09
993,49639.09
994,49639.09
995,49639.09
996,49639.09
997,49639.1
998,49639.1
999,49639.1
1000,49639.1
1001,49639.1
1002,49639.11
1003,49639.11
1004,49639.11
1005,49639.11
1006,49639.11
1007,49639.12
1008,49639.12
1009,49639.12
1010,49639.12
1011,49639.12
1012,49639.12
1013,49639.13
1014,49639.13
1015,49639.13
1016,49639.13
1017,49639.13
1018,49639.14
1019,49639.14
1020,49639.14
1021,49639.14
1022,49639.14
1023,49639.15
1024,49639.15
1025,49639.15
1026,49639.15
1027,49639.15
1028,49639.16
1029,49639.16
1030,49639.16
1031,49639.16
1032,49639.16
1033,49639.17
1034,49639.17
1035,49639.17
1036,49639.17
1037,49639.17
1038,49639.18
1039,49639.18
1040,49639.18
1041,49639.18
1042,49639.18
1043,49639.19
1044,49639.19
1045,49639.19
1046,49639.19
1047,49639.19
1048,49639.2
1049,49639.2
1050,49639.2
1051,49639.2
1052,49639.2
1053,49639.21
1054,49639.21
1055,49639.21
1056,49639.21
1057,49639.21
1058,49639.22
1059,49639.22
1060,49639.22
1061,49639.22
1062,49639.22
1063,49639.23
1064,49639.23
1065,49639.23
1066,49639.23
1067,49639.23
1068,49639.24
1069,49639.24
1070,49639.24
1071,49639.24
1072,49639.24
1073,49639.25
1074,49639.25
1075,49639.25
1076,49639.25
1077,49639.25
1078,49639.26
1079,49639.26
1080,49639.26
1081,49639.26
1082,49639.26
1083,49639.27
1084,49639.27
1085,49639.27
1086,49639.27
1087,49639.27
1088,49639.28
1089,49639.28
1090,49639.28
1091,49639.28
1092,49639.28
1093,49639.28
1094,49639.29
1095,49639.29
1096,49639.29
1097,49639.29
1098,49639.29
1099,49639.3
1100,49639.3
1101,49639.3
1102,49639.3
1103,49639.3
1104,49639.31
1105,49639.31
1106,49639.31
1107,49639.31
1108,49639.31
1109,49639.32
1110,49639.32
1111,49639.32
1112,49639.32
1113,49639.33
1114,49639.33
1115,49639.33
1116,49639.33
1117,49639.33
1118,49639.34
1119,49639.34
1120,49639.34
1121,49639.34
1122,49639.34
1123,49639.35
1124,49639.35
1125,49639.35
1126,49639.35
1127,49639.35
1128,49639.36
1129,49639.36
1130,49639.36
1131,49639.36
1132,49639.36
1133,49639.37
1134,49639.37
1135,49639.37
1136,49639.37
1137,49639.37
1138,49639.38
1139,49639.38
1140,49639.38
1141,49639.38
1142,49639.38
1143,49639.39
1144,49639.39
1145,49639.39
1146,49639.39
1147,49639.39
1148,49639.4
1149,49639.4
1150,49639.4
1151,49639.4
1152,49639.4
1153,49639.41
1154,49639.41
1155,49639.41
1156,49639.41
1157,49639.41
1158,49639.42
1159,49639.42
1160,49639.42
1161,49639.42
1162,49639.42
1163,49639.43
1164,49639.43
1165,49639.43
1166,49639.43
1167,49639.43
1168,49639.44
1169,49639.44
1170,49639.44
1171,49639.44
1172,49639.44
1173,49639.45
1174,49639.45
1175,49639.45
1176,49639.45
1177,49639.45
1178,49639.45
1179,49639.46
1180,49639.46
1181,49639.46
1182,49639.46
1183,49639.46
1184,49639.47
1185,49639.47
1186,49639.47
1187,49639.47
1188,49639.47
1189,49639.48
1190,49639.48
1191,49639.48
1192,49639.48
1193,49639.48
1194,49639.49
1195,49639.49
1196,49639.49
1197,49639.49
1198,49639.49
1199,49639.5
1200,49639.5
1201,49639.5
1202,49639.5
1203,49639.5
1204,49639.51
1205,49639.51
1206,49639.51
1207,49639.51
1208,49639.51
1209,49639.52
1210,49639.52
1211,49639.52
1212,49639.52
1213,49639.52
1214,49639.53
1215,49639.53
1216,49639.53
1217,49639.53
1218,49639.53
1219,49639.54
1220,49639.54
1221,49639.54
1222,49639.54
1223,49639.54
1224,49639.55
1225,49639.55
1226,49639.55
1227,49639.55
1228,49639.55
1229,49639.56
1230,49639.56
1231,49639.56
1232,49639.56
1233,49639.56
1234,49639.57
1235,49639.57
1236,49639.57
1237,49639.57
1238,49639.57
1239,49639.58
1240,49639.58
1241,49639.58
1242,49639.58
1243,49639.58
1244,49639.59
1245,49639.59
1246,49639.59
1247,49639.59
1248,49639.59
1249,49639.6
1250,49639.6
1251,49639.6
1252,49639.6
1253,49639.6
1254,49639.61
1255,49639.61
1256,49639.61
1257,49639.61
1258,49639.61
1259,49639.62
1260,49639.62
1261,49639.62
1262,49639.62
1263,49639.62
1264,49639.63
1265,49639.63
1266,49639.63
1267,49639.63
1268,49639.63
1269,49639.64
1270,49639.64
1271,49639.64
1272,49639.64
1273,49639.64
1274,49639.65
1275,49639.65
1276,49639.65
1277,49639.65
1278,49639.65
1279,49639.66
1280,49639.66
1281,49639.66
1282,49639.66
1283,49639.66
1284,49639.67
1285,49639.67
1286,49639.67
1287,49639.67
1288,49639.67
1289,49639.68
1290,49639.68
1291,49639.68
1292,49639.68
1293,49639.68
1294,49639.69
1295,49639.69
1296,49639.69
1297,49639.69
1298,49639.69
1299,49639.7
1300,49639.7
1301,49639.7
1302,49639.7
1303,49639.7
1304,49639.71
1305,49639.71
1306,49639.71
1307,49639.71
1308,49639.71
1309,49639.72
1310,49639.72
1311,49639.72
1312,49639.72
1313,49639.72
1314,49639.73
1315,49639.73
1316,49639.73
1317,49639.73
1318,49639.73
1319,49639.74
1320,49639.74
1321,49639.74
1322,49639.74
1323,49639.74
1324,49639.75
1325,49639.75
1326,49639.75
1327,49639.75
1328,49639.75
1329,49639.76
1330,49639.76
1331,49639.76
1332,49639.76
1333,49639.76
1334,49639.77
1335,49639.77
1336,49639.77
1337,49639.77
1338,49639.77
1339,49639.78
1340,49639.78
1341,49639.78
1342,49639.78
1343,49639.78
1344,49639.78
1345,49639.79
1346,49639.79
1347,49639.79
1348,49639.79
1349,49639.79
1350,49639.8
1351,49639.8
1352,49639.8
1353,49639.8
1354,49639.8
1355,49639.81
1356,49639.81
1357,49639.81
1358,49639.81
1359,49639.81
1360,49639.82
1361,49639.82
1362,49639.82
1363,49639.82
1364,49639.82
1365,49639.83
1366,49639.83
1367,49639.83
1368,49639.83
1369,49639.83
1370,49639.84
1371,49639.84
1372,49639.84
1373,49639.84
1374,49639.84
1375,49639.85
1376,49639.85
1377,49639.85
1378,49639.85
1379,49639.85
1380,49639.86
1381,49639.86
1382,49639.86
1383,49639.86
1384,49639.86
1385,49639.87
1386,49639.87
1387,49639.87
1388,49639.87
1389,49639.87
1390,49639.88
1391,49639.88
1392,49639.88
1393,49639.88
1394,49639.88
1395,49639.89
1396,49639.89
1397,49639.89
1398,49639.89
1399,49639.89
1400,49639.9
1401,49639.9
1402,49639.9
1403,49639.9
1404,49639.9
1405,49639.91
1406,49639.91
1407,49639.91
1408,49639.91
1409,49639.91
1410,49639.92
1411,49639.92
1412,49639.92
1413,49639.92
1414,49639.92
1415,49639.93
1416,49639.93
1417,49639.93
1418,49639.93
1419,49639.93
1420,49639.94
1421,49639.94
1422,49639.94
1423,49639.94
1424,49639.94
1425,49639.95
1426,49639.95
1427,49639.95
1428,49639.95
1429,49639.95
1430,49639.96
1431,49639.96
1432,49639.96
1433,49639.96
1434,49639.96
1435,49639.97
1436,49639.97
1437,49639.97
1438,49639.97
1439,49639.97
1440,49639.98
1441,49639.98
1442,49639.98
1443,49639.98
1444,49639.98
1445,49639.99
1446,49639.99
1447,49639.99
1448,49639.99
1449,49639.99
1450,49640.0
1451,49640.0
1452,49640.0
1453,49640.0
1454,49640.0
1455,49640.01
1456,49640.01
1457,49640.01
1458,49640.01
1459,49640.01
1460,49640.02
1461,49640.02
1462,49640.02
1463,49640.02
1464,49640.02
1465,49640.03
1466,49640.03
1467,49640.03
1468,49640.03
1469,49640.03
1470,49640.04
1471,49640.04
1472,49640.04
1473,49640.04
1474,49640.04
1475,49640.05
1476,49640.05
1477,49640.05
1478,49640.05
1479,49640.05
1480,49640.06
1481,49640.06
1482,49640.06
1483,49640.06
1484,49640.06
1485,49640.07
1486,49640.07
1487,49640.07
1488,49640.07
1489,49640.07
1490,49640.08
1491,49640.08
1492,49640.08
1493,49640.08
1494,49640.08
1495,49640.09
1496,49640.09
1497,49640.09
1498,49640.09
1499,49640.09
1500,49640.1
1501,49640.1
1502,49640.1
1503,49640.1
1504,49640.1
1505,49640.11
1506,49640.11
1507,49640.11
1508,49640.11
1509,49640.11
1510,49640.12
1511,49640.12
1512,49640.12
1513,49640.12
1514,49640.12
1515,49640.12
1516,49640.13
1517,49640.13
1518,49640.13
1519,49640.13
1520,49640.13
1521,49640.14
1522,49640.14
1523,49640.14
1524,49640.14
1525,49640.14
1526,49640.15
1527,49640.15
1528,49640.15
1529,49640.15
1530,49640.15
1531,49640.16
1532,49640.16
1533,49640.16
1534,49640.16
1535,49640.16
1536,49640.17
1537,49640.17
1538,49640.17
1539,49640.17
1540,49640.17
1541,49640.18
1542,49640.18
1543,49640.18
1544,49640.18
1545,49640.18
1546,49640.19
1547,49640.19
1548,49640.19
1549,49640.19
1550,49640.19
1551,49640.2
1552,49640.2
1553,49640.2
1554,49640.2
1555,49640.2
1556,49640.21
1557,49640.21
1558,49640.21
1559,49640.21
1560,49640.21
1561,49640.22
1562,49640.22
1563,49640.22
1564,49640.22
1565,49640.22
1566,49640.23
1567,49640.23
1568,49640.23
1569,49640.23
1570,49640.23
1571,49640.24
1572,49640.24
1573,49640.24
1574,49640.24
1575,49640.24
1576,49640.25
1577,49640.25
1578,49640.25
1579,49640.25
1580,49640.25
1581,49640.26
1582,49640.26
1583,49640.26
1584,49640.26
1585,49640.26
1586,49640.27
1587,49640.27
1588,49640.27
1589,49640.27
1590,49640.27
1591,49640.28
1592,49640.28
1593,49640.28
1594,49640.28
1595,49640.28
1596,49640.29
1597,49640.29
1598,49640.29
1599,49640.29
1600,49640.29
1601,49640.29
1602,49640.3
1603,49640.3
1604,49640.3
1605,49640.3
1606,49640.3
1607,49640.31
1608,49640.31
1609,49640.31
1610,49640.31
1611,49640.31
1612,49640.32
1613,49640.32
1614,49640.32
1615,49640.32
1616,49640.32
1617,49640.33
1618,49640.33
1619,49640.33
1620,49640.33
1621,49640.33
1622,49640.34
1623,49640.34
1624,49640.34
1625,49640.34
1626,49640.34
1627,49640.35
1628,49640.35
1629,49640.35
1630,49640.35
1631,49640.35
1632,49640.36
1633,49640.36
1634,49640.36
1635,49640.36
1636,49640.36
1637,49640.37
1638,49640.37
1639,49640.37
1640,49640.37
1641,49640.37
1642,49640.38
1643,49640.38
1644,49640.38
1645,49640.38
1646,49640.38
1647,49640.39
1648,49640.39
1649,49640.39
1650,49640.39
1651,49640.4
1652,49640.4
1653,49640.4
1654,49640.4
1655,49640.4
1656,49640.41
1657,49640.41
1658,49640.41
1659,49640.41
1660,49640.41
1661,49640.42
1662,49640.42
1663,49640.42
1664,49640.42
1665,49640.42
1666,49640.43
1667,49640.43
1668,49640.43
1669,49640.43
1670,49640.43
1671,49640.44
1672,49640.44
1673,49640.44
1674,49640.44
1675,49640.44
1676,49640.45
1677,49640.45
1678,49640.45
1679,49640.45
1680,49640.45
1681,49640.45
1682,49640.46
1683,49640.46
1684,49640.46
1685,49640.46
1686,49640.46
1687,49640.46
1688,49640.47
1689,49640.47
1690,49640.47
1691,49640.47
1692,49640.47
1693,49640.48
1694,49640.48
1695,49640.48
1696,49640.48
1697,49640.48
1698,49640.49
1699,49640.49
1700,49640.49
1701,49640.49
1702,49640.49
1703,49640.5
1704,49640.5
1705,49640.5
1706,49640.5
1707,49640.5
1708,49640.51
1709,49640.51
1710,49640.51
1711,49640.51
1712,49640.51
1713,49640.52
1714,49640.52
1715,49640.52
1716,49640.52
1717,49640.52
1718,49640.53
1719,49640.53
1720,49640.53
1721,49640.53
1722,49640.53
1723,49640.54
1724,49640.54
1725,49640.54
1726,49640.54
1727,49640.54
1728,49640.55
1729,49640.55
1730,49640.55
1731,49640.55
1732,49640.55
1733,49640.56
1734,49640.56
1735,49640.56
1736,49640.56
1737,49640.56
1738,49640.57
1739,49640.57
1740,49640.57
1741,49640.57
1742,49640.57
1743,49640.58
1744,49640.58
1745,49640.58
1746,49640.58
1747,49640.58
1748,49640.59
1749,49640.59
1750,49640.59
1751,49640.59
1752,49640.59
1753,49640.6
1754,49640.6
1755,49640.6
1756,49640.6
1757,49640.6
1758,49640.61
1759,49640.61
1760,49640.61
1761,49640.61
1762,49640.61
1763,49640.62
1764,49640.62
1765,49640.62
1766,49640.62
1767,49640.62
1768,49640.62
1769,49640.63
1770,49640.63
1771,49640.63
1772,49640.63
1773,49640.64
1774,49640.64
1775,49640.64
1776,49640.64
1777,49640.64
1778,49640.65
1779,49640.65
1780,49640.65
1781,49640.65
1782,49640.65
1783,49640.66
1784,49640.66
1785,49640.66
1786,49640.66
1787,49640.66
1788,49640.67
1789,49640.67
1790,49640.67
1791,49640.67
1792,49640.67
1793,49640.68
1794,49640.68
1795,49640.68
1796,49640.68
1797,49640.68
1798,49640.69
1799,49640.69
1800,49640.69
1801,49640.69
1802,49640.69
1803,49640.7
1804,49640.7
1805,49640.7
1806,49640.7
1807,49640.7
1808,49640.71
1809,49640.71
1810,49640.71
1811,49640.71
1812,49640.71
1813,49640.72
1814,49640.72
1815,49640.72
1816,49640.72
1817,49640.72
1818,49640.73
1819,49640.73
1820,49640.73
1821,49640.73
1822,49640.73
1823,49640.74
1824,49640.74
1825,49640.74
1826,49640.74
1827,49640.74
1828,49640.75
1829,49640.75
1830,49640.75
1831,49640.75
1832,49640.75
1833,49640.76
1834,49640.76
1835,49640.76
1836,49640.76
1837,49640.76
1838,49640.77
1839,49640.77
1840,49640.77
1841,49640.77
1842,49640.77
1843,49640.78
1844,49640.78
1845,49640.78
1846,49640.78
1847,49640.78
1848,49640.79
1849,49640.79
1850,49640.79
1851,49640.79
1852,49640.79
1853,49640.79
1854,49640.8
1855,49640.8
1856,49640.8
1857,49640.8
1858,49640.8
1859,49640.81
1860,49640.81
1861,49640.81
1862,49640.81
1863,49640.81
1864,49640.82
1865,49640.82
1866,49640.82
1867,49640.82
1868,49640.82
1869,49640.83
1870,49640.83
1871,49640.83
1872,49640.83
1873,49640.83
1874,49640.84
1875,49640.84
1876,49640.84
1877,49640.84
1878,49640.84
1879,49640.85
1880,49640.85
1881,49640.85
1882,49640.85
1883,49640.85
1884,49640.86
1885,49640.86
1886,49640.86
1887,49640.86
1888,49640.86
1889,49640.87
1890,49640.87
1891,49640.87
1892,49640.87
1893,49640.87
1894,49640.88
1895,49640.88
1896,49640.88
1897,49640.88
1898,49640.88
1899,49640.89
1900,49640.89
1901,49640.89
1902,49640.89
1903,49640.89
1904,49640.9
1905,49640.9
1906,49640.9
1907,49640.9
1908,49640.9
1909,49640.91
1910,49640.91
1911,49640.91
1912,49640.91
1913,49640.91
1914,49640.92
1915,49640.92
1916,49640.92
1917,49640.92
1918,49640.92
1919,49640.93
1920,49640.93
1921,49640.93
1922,49640.93
1923,49640.93
1924,49640.94
1925,49640.94
1926,49640.94
1927,49640.94
1928,49640.94
1929,49640.95
1930,49640.95
1931,49640.95
1932,49640.95
1933,49640.95
1934,49640.95
1935,49640.96
1936,49640.96
1937,49640.96
1938,49640.96
1939,49640.96
1940,49640.96
1941,49640.97
1942,49640.97
1943,49640.97
1944,49640.97
1945,49640.97
1946,49640.98
1947,49640.98
1948,49640.98
1949,49640.98
1950,49640.98
1951,49640.99
1952,49640.99
1953,49640.99
1954,49640.99
1955,49641.0
1956,49641.0
1957,49641.0
1958,49641.0
1959,49641.0
1960,49641.01
1961,49641.01
1962,49641.01
1963,49641.01
1964,49641.01
1965,49641.02
1966,49641.02
1967,49641.02
1968,49641.02
1969,49641.02
1970,49641.03
1971,49641.03
1972,49641.03
1973,49641.03
1974,49641.03
1975,49641.04
1976,49641.04
1977,49641.04
1978,49641.04
1979,49641.04
1980,49641.05
1981,49641.05
1982,49641.05
1983,49641.05
1984,49641.05
1985,49641.06
1986,49641.06
1987,49641.06
1988,49641.06
1989,49641.06
1990,49641.07
1991,49641.07
1992,49641.07
1993,49641.07
1994,49641.07
1995,49641.08
1996,49641.08
1997,49641.08
1998,49641.08
1999,49641.08
2000,49641.09
2001,49641.09
2002,49641.09
2003,49641.09
2004,49641.09
2005,49641.1
2006,49641.1
2007,49641.1
2008,49641.1
2009,49641.1
2010,49641.11
2011,49641.11
2012,49641.11
2013,49641.11
2014,49641.11
2015,49641.12
2016,49641.12
2017,49641.12
2018,49641.12
2019,49641.12
2020,49641.12
2021,49641.13
2022,49641.13
2023,49641.13
2024,49641.13
2025,49641.13
2026,49641.14
2027,49641.14
2028,49641.14
2029,49641.14
2030,49641.14
2031,49641.15
2032,49641.15
2033,49641.15
2034,49641.15
2035,49641.15
2036,49641.16
2037,49641.16
2038,49641.16
2039,49641.16
2040,49641.16
2041,49641.17
2042,49641.17
2043,49641.17
2044,49641.17
2045,49641.17
2046,49641.18
2047,49641.18
2048,49641.18
2049,49641.18
2050,49641.18
2051,49641.19
2052,49641.19
2053,49641.19
2054,49641.19
2055,49641.19
2056,49641.2
2057,49641.2
2058,49641.2
2059,49641.2
2060,49641.2
2061,49641.21
2062,49641.21
2063,49641.21
2064,49641.21
2065,49641.21
2066,49641.22
2067,49641.22
2068,49641.22
2069,49641.22
2070,49641.22
2071,49641.23
2072,49641.23
2073,49641.23
2074,49641.23
2075,49641.23
2076,49641.24
2077,49641.24
2078,49641.24
2079,49641.24
2080,49641.24
2081,49641.25
2082,49641.25
2083,49641.25
2084,49641.25
2085,49641.25
2086,49641.26
2087,49641.26
2088,49641.26
2089,49641.26
2090,49641.26
2091,49641.27
2092,49641.27
2093,49641.27
2094,49641.27
2095,49641.27
2096,49641.28
2097,49641.28
2098,49641.28
2099,49641.28
2100,49641.28
2101,49641.29
2102,49641.29
2103,49641.29
2104,49641.29
2105,49641.29
2106,49641.29
2107,49641.3
2108,49641.3
2109,49641.3
2110,49641.3
2111,49641.3
2112,49641.31
2113,49641.31
2114,49641.31
2115,49641.31
2116,49641.31
2117,49641.32
2118,49641.32
2119,49641.32
2120,49641.32
2121,49641.32
2122,49641.33
2123,49641.33
2124,49641.33
2125,49641.33
2126,49641.33
2127,49641.34
2128,49641.34
2129,49641.34
2130,49641.34
2131,49641.34
2132,49641.35
2133,49641.35
2134,49641.35
2135,49641.35
2136,49641.35
2137,49641.36
2138,49641.36
2139,49641.36
2140,49641.36
2141,49641.36
2142,49641.37
2143,49641.37
2144,49641.37
2145,49641.37
2146,49641.37
2147,49641.38
2148,49641.38
2149,49641.38
2150,49641.38
2151,49641.38
2152,49641.39
2153,49641.39
2154,49641.39
2155,49641.39
2156,49641.39
2157,49641.4
2158,49641.4
2159,49641.4
2160,49641.4
2161,49641.4
2162,49641.41
2163,49641.41
2164,49641.41
2165,49641.41
2166,49641.41
2167,49641.42
2168,49641.42
2169,49641.42
2170,49641.42
2171,49641.42
2172,49641.43
2173,49641.43
2174,49641.43
2175,49641.43
2176,49641.43
2177,49641.44
2178,49641.44
2179,49641.44
2180,49641.44
2181,49641.44
2182,49641.45
2183,49641.45
2184,49641.45
2185,49641.45
2186,49641.45
2187,49641.45
2188,49641.46
2189,49641.46
2190,49641.46
2191,49641.46
2192,49641.46
2193,49641.47
2194,49641.47
2195,49641.47
2196,49641.47
2197,49641.47
2198,49641.48
2199,49641.48
2200,49641.48
2201,49641.48
2202,49641.48
2203,49641.49
2204,49641.49
2205,49641.49
2206,49641.49
2207,49641.49
2208,49641.5
2209,49641.5
2210,49641.5
2211,49641.5
2212,49641.5
2213,49641.51
2214,49641.51
2215,49641.51
2216,49641.51
2217,49641.51
2218,49641.52
2219,49641.52
2220,49641.52
2221,49641.52
2222,49641.52
2223,49641.53
2224,49641.53
2225,49641.53
2226,49641.53
2227,49641.53
2228,49641.54
2229,49641.54
2230,49641.54
2231,49641.54
2232,49641.54
2233,49641.55
2234,49641.55
2235,49641.55
2236,49641.55
2237,49641.55
2238,49641.56
2239,49641.56
2240,49641.56
2241,49641.56
2242,49641.56
2243,49641.57
2244,49641.57
2245,49641.57
2246,49641.57
2247,49641.57
2248,49641.58
2249,49641.58
2250,49641.58
2251,49641.58
2252,49641.58
2253,49641.59
2254,49641.59
2255,49641.59
2256,49641.59
2257,49641.6
2258,49641.6
2259,49641.6
2260,49641.6
2261,49641.6
2262,49641.61
2263,49641.61
2264,49641.61
2265,49641.61
2266,49641.61
2267,49641.62
2268,49641.62
2269,49641.62
2270,49641.62
2271,49641.62
2272,49641.62
2273,49641.63
2274,49641.63
2275,49641.63
2276,49641.63
2277,49641.63
2278,49641.64
2279,49641.64
2280,49641.64
2281,49641.64
2282,49641.64
2283,49641.65
2284,49641.65
2285,49641.65
2286,49641.65
2287,49641.65
2288,49641.66
2289,49641.66
2290,49641.66
2291,49641.66
2292,49641.66
2293,49641.67
2294,49641.67
2295,49641.67
2296,49641.67
2297,49641.67
2298,49641.68
2299,49641.68
2300,49641.68
2301,49641.68
2302,49641.68
2303,49641.69
2304,49641.69
2305,49641.69
2306,49641.69
2307,49641.69
2308,49641.7
2309,49641.7
2310,49641.7
2311,49641.7
2312,49641.7
2313,49641.71
2314,49641.71
2315,49641.71
2316,49641.71
2317,49641.71
2318,49641.72
2319,49641.72
2320,49641.72
2321,49641.72
2322,49641.72
2323,49641.73
2324,49641.73
2325,49641.73
2326,49641.73
2327,49641.73
2328,49641.74
2329,49641.74
2330,49641.74
2331,49641.74
2332,49641.74
2333,49641.75
2334,49641.75
2335,49641.75
2336,49641.75
2337,49641.75
2338,49641.76
2339,49641.76
2340,49641.76
2341,49641.76
2342,49641.76
2343,49641.77
2344,49641.77
2345,49641.77
2346,49641.77
2347,49641.77
2348,49641.78
2349,49641.78
2350,49641.78
2351,49641.78
2352,49641.78
2353,49641.79
2354,49641.79
2355,49641.79
2356,49641.79
2357,49641.79
2358,49641.79
2359,49641.8
2360,49641.8
2361,49641.8
2362,49641.8
2363,49641.8
2364,49641.81
2365,49641.81
2366,49641.81
2367,49641.81
2368,49641.81
2369,49641.82
2370,49641.82
2371,49641.82
2372,49641.82
2373,49641.82
2374,49641.83
2375,49641.83
2376,49641.83
2377,49641.83
2378,49641.84
2379,49641.84
2380,49641.84
2381,49641.84
2382,49641.84
2383,49641.85
2384,49641.85
2385,49641.85
2386,49641.85
2387,49641.85
2388,49641.86
2389,49641.86
2390,49641.86
2391,49641.86
2392,49641.86
2393,49641.87
2394,49641.87
2395,49641.87
2396,49641.87
2397,49641.87
2398,49641.88
2399,49641.88
2400,49641.88
2401,49641.88
2402,49641.88
2403,49641.89
2404,49641.89
2405,49641.89
2406,49641.89
2407,49641.89
2408,49641.9
2409,49641.9
2410,49641.9
2411,49641.9
2412,49641.9
2413,49641.91
2414,49641.91
2415,49641.91
2416,49641.91
2417,49641.91
2418,49641.92
2419,49641.92
2420,49641.92
2421,49641.92
2422,49641.92
2423,49641.93
2424,49641.93
2425,49641.93
2426,49641.93
2427,49641.93
2428,49641.94
2429,49641.94
2430,49641.94
2431,49641.94
2432,49641.94
2433,49641.95
2434,49641.95
2435,49641.95
2436,49641.95
2437,49641.95
2438,49641.95
2439,49641.96
2440,49641.96
2441,49641.96
2442,49641.96
2443,49641.96
2444,49641.97
2445,49641.97
2446,49641.97
2447,49641.97
2448,49641.97
2449,49641.98
2450,49641.98
2451,49641.98
2452,49641.98
2453,49641.98
2454,49641.99
2455,49641.99
2456,49641.99
2457,49641.99
2458,49641.99
2459,49642.0
2460,49642.0
2461,49642.0
2462,49642.0
2463,49642.0
2464,49642.01
2465,49642.01
2466,49642.01
2467,49642.01
2468,49642.01
2469,49642.02
2470,49642.02
2471,49642.02
2472,49642.02
2473,49642.02
2474,49642.03
2475,49642.03
2476,49642.03
2477,49642.03
2478,49642.03
2479,49642.04
2480,49642.04
2481,49642.04
2482,49642.04
2483,49642.04
2484,49642.05
2485,49642.05
2486,49642.05
2487,49642.05
2488,49642.05
2489,49642.06
2490,49642.06
2491,49642.06
2492,49642.06
2493,49642.06
2494,49642.07
2495,49642.07
2496,49642.07
2497,49642.07
2498,49642.07
2499,49642.08
2500,49642.08
2501,49642.08
2502,49642.08
2503,49642.08
2504,49642.09
2505,49642.09
2506,49642.09
2507,49642.09
2508,49642.09
2509,49642.1
2510,49642.1
2511,49642.1
2512,49642.1
2513,49642.1
2514,49642.11
2515,49642.11
2516,49642.11
2517,49642.11
2518,49642.11
2519,49642.12
2520,49642.12
2521,49642.12
2522,49642.12
2523,49642.12
2524,49642.13
2525,49642.13
2526,49642.13
2527,49642.13
2528,49642.13
2529,49642.14
2530,49642.14
2531,49642.14
2532,49642.14
2533,49642.14
2534,49642.15
2535,49642.15
2536,49642.15
2537,49642.15
2538,49642.15
2539,49642.16
2540,49642.16
2541,49642.16
2542,49642.16
2543,49642.16
2544,49642.17
2545,49642.17
2546,49642.17
2547,49642.17
2548,49642.17
2549,49642.18
2550,49642.18
2551,49642.18
2552,49642.18
2553,49642.18
2554,49642.19
2555,49642.19
2556,49642.19
2557,49642.19
2558,49642.19
2559,49642.2
2560,49642.2
2561,49642.2
2562,49642.2
2563,49642.2
2564,49642.21
2565,49642.21
2566,49642.21
2567,49642.21
2568,49642.21
2569,49642.22
2570,49642.22
2571,49642.22
2572,49642.22
2573,49642.22
2574,49642.23
2575,49642.23
2576,49642.23
2577,49642.23
2578,49642.23
2579,49642.24
2580,49642.24
2581,49642.24
2582,49642.24
2583,49642.24
2584,49642.25
2585,49642.25
2586,49642.25
2587,49642.25
2588,49642.25
2589,49642.26
2590,49642.26
2591,49642.26
2592,49642.26
2593,49642.26
2594,49642.27
2595,49642.27
2596,49642.27
2597,49642.27
2598,49642.27
2599,49642.28
2600,49642.28
2601,49642.28
2602,49642.28
2603,49642.28
2604,49642.29
2605,49642.29
2606,49642.29
2607,49642.29
2608,49642.29
2609,49642.29
2610,49642.3
2611,49642.3
2612,49642.3
2613,49642.3
2614,49642.3
2615,49642.31
2616,49642.31
2617,49642.31
2618,49642.31
2619,49642.31
2620,49642.32
2621,49642.32
2622,49642.32
2623,49642.32
2624,49642.32
2625,49642.33
2626,49642.33
2627,49642.33
2628,49642.33
2629,49642.33
2630,49642.34
2631,49642.34
2632,49642.34
2633,49642.34
2634,49642.34
2635,49642.35
2636,49642.35
2637,49642.35
2638,49642.35
2639,49642.35
2640,49642.36
2641,49642.36
2642,49642.36
2643,49642.36
2644,49642.36
2645,49642.37
2646,49642.37
2647,49642.37
2648,49642.37
2649,49642.37
2650,49642.38
2651,49642.38
2652,49642.38
2653,49642.38
2654,49642.38
2655,49642.39
2656,49642.39
2657,49642.39
2658,49642.39
2659,49642.39
2660,49642.4
2661,49642.4
2662,49642.4
2663,49642.4
2664,49642.4
2665,49642.41
2666,49642.41
2667,49642.41
2668,49642.41
2669,49642.41
2670,49642.42
2671,49642.42
2672,49642.42
2673,49642.42
2674,49642.42
2675,49642.43
2676,49642.43
2677,49642.43
2678,49642.43
2679,49642.43
2680,49642.44
2681,49642.44
2682,49642.44
2683,49642.44
2684,49642.44
2685,49642.45
2686,49642.45
2687,49642.45
2688,49642.45
2689,49642.45
2690,49642.46
2691,49642.46
2692,49642.46
2693,49642.46
2694,49642.46
2695,49642.46
2696,49642.47
2697,49642.47
2698,49642.47
2699,49642.47
2700,49642.47
2701,49642.48
2702,49642.48
2703,49642.48
2704,49642.48
2705,49642.48
2706,49642.49
2707,49642.49
2708,49642.49
2709,49642.49
2710,49642.49
2711,49642.5
2712,49642.5
2713,49642.5
2714,49642.5
2715,49642.5
2716,49642.51
2717,49642.51
2718,49642.51
2719,49642.51
2720,49642.51
2721,49642.52
2722,49642.52
2723,49642.52
2724,49642.52
2725,49642.52
2726,49642.53
2727,49642.53
2728,49642.53
2729,49642.53
2730,49642.53
2731,49642.54
2732,49642.54
2733,49642.54
2734,49642.54
2735,49642.54
2736,49642.55
2737,49642.55
2738,49642.55
2739,49642.55
2740,49642.55
2741,49642.56
2742,49642.56
2743,49642.56
2744,49642.56
2745,49642.56
2746,49642.57
2747,49642.57
2748,49642.57
2749,49642.57
2750,49642.57
2751,49642.58
2752,49642.58
2753,49642.58
2754,49642.58
2755,49642.58
2756,49642.59
2757,49642.59
2758,49642.59
2759,49642.59
2760,49642.59
2761,49642.6
2762,49642.6
2763,49642.6
2764,49642.6
2765,49642.6
2766,49642.61
2767,49642.61
2768,49642.61
2769,49642.61
2770,49642.61
2771,49642.62
2772,49642.62
2773,49642.62
2774,49642.62
2775,49642.62
2776,49642.63
2777,49642.63
2778,49642.63
2779,49642.63
2780,49642.63
2781,49642.64
2782,49642.64
2783,49642.64
2784,49642.64
2785,49642.64
2786,49642.65
2787,49642.65
2788,49642.65
2789,49642.65
2790,49642.65
2791,49642.66
2792,49642.66
2793,49642.66
2794,49642.66
2795,49642.66
2796,49642.67
2797,49642.67
2798,49642.67
2799,49642.67
2800,49642.67
2801,49642.68
2802,49642.68
2803,49642.68
2804,49642.68
2805,49642.68
2806,49642.69
2807,49642.69
2808,49642.69
2809,49642.69
2810,49642.69
2811,49642.7
2812,49642.7
2813,49642.7
2814,49642.7
2815,49642.7
2816,49642.71
2817,49642.71
2818,49642.71
2819,49642.71
2820,49642.71
2821,49642.72
2822,49642.72
2823,49642.72
2824,49642.72
2825,49642.72
2826,49642.73
2827,49642.73
2828,49642.73
2829,49642.73
2830,49642.73
2831,49642.74
2832,49642.74
2833,49642.74
2834,49642.74
2835,49642.74
2836,49642.75
2837,49642.75
2838,49642.75
2839,49642.75
2840,49642.75
2841,49642.76
2842,49642.76
2843,49642.76
2844,49642.76
2845,49642.76
2846,49642.77
2847,49642.77
2848,49642.77
2849,49642.77
2850,49642.77
2851,49642.78
2852,49642.78
2853,49642.78
2854,49642.78
2855,49642.78
2856,49642.79
2857,49642.79
2858,49642.79
2859,49642.79
2860,49642.79
2861,49642.79
2862,49642.8
2863,49642.8
2864,49642.8
2865,49642.8
2866,49642.8
2867,49642.81
2868,49642.81
2869,49642.81
2870,49642.81
2871,49642.81
2872,49642.82
2873,49642.82
2874,49642.82
2875,49642.82
2876,49642.82
2877,49642.83
2878,49642.83
2879,49642.83
2880,49642.83
2881,49642.83
2882,49642.84
2883,49642.84
2884,49642.84
2885,49642.84
2886,49642.84
2887,49642.85
2888,49642.85
2889,49642.85
2890,49642.85
2891,49642.85
2892,49642.86
2893,49642.86
2894,49642.86
2895,49642.86
2896,49642.86
2897,49642.87
2898,49642.87
2899,49642.87
2900,49642.87
2901,49642.87
2902,49642.88
2903,49642.88
2904,49642.88
2905,49642.88
2906,49642.88
2907,49642.89
2908,49642.89
2909,49642.89
2910,49642.89
2911,49642.89
2912,49642.9
2913,49642.9
2914,49642.9
2915,49642.9
2916,49642.9
2917,49642.91
2918,49642.91
2919,49642.91
2920,49642.91
2921,49642.91
2922,49642.92
2923,49642.92
2924,49642.92
2925,49642.92
2926,49642.92
2927,49642.93
2928,49642.93
2929,49642.93
2930,49642.93
2931,49642.93
2932,49642.94
2933,49642.94
2934,49642.94
2935,49642.94
2936,49642.94
2937,49642.95
2938,49642.95
2939,49642.95
2940,49642.95
2941,49642.95
2942,49642.96
2943,49642.96
2944,49642.96
2945,49642.96
2946,49642.96
2947,49642.97
2948,49642.97
2949,49642.97
2950,49642.97
2951,49642.97
2952,49642.98
2953,49642.98
2954,49642.98
2955,49642.98
2956,49642.98
2957,49642.99
2958,49642.99
2959,49642.99
2960,49642.99
2961,49642.99
2962,49643.0
2963,49643.0
2964,49643.0
2965,49643.0
2966,49643.0
2967,49643.01
2968,49643.01
2969,49643.01
2970,49643.01
2971,49643.01
2972,49643.02
2973,49643.02
2974,49643.02
2975,49643.02
2976,49643.02
2977,49643.03
2978,49643.03
2979,49643.03
2980,49643.03
2981,49643.03
2982,49643.04
2983,49643.04
2984,49643.04
2985,49643.04
2986,49643.04
2987,49643.05
2988,49643.05
2989,49643.05
2990,49643.05
2991,49643.05
2992,49643.06
2993,49643.06
2994,49643.06
2995,49643.06
2996,49643.06
2997,49643.07
2998,49643.07
2999,49643.07
3000,49643.07
3001,49643.07
3002,49643.08
3003,49643.08
3004,49643.08
3005,49643.08
3006,49643.08
3007,49643.09
3008,49643.09
3009,49643.09
3010,49643.09
3011,49643.09
3012,49643.1
3013,49643.1
3014,49643.1
3015,49643.1
3016,49643.1
3017,49643.11
3018,49643.11
3019,49643.11
3020,49643.11
3021,49643.11
3022,49643.12
3023,49643.12
3024,49643.12
3025,49643.12
3026,49643.12
3027,49643.12
3028,49643.13
3029,49643.13
3030,49643.13
3031,49643.13
3032,49643.13
3033,49643.14
3034,49643.14
3035,49643.14
3036,49643.14
3037,49643.14
3038,49643.15
3039,49643.15
3040,49643.15
3041,49643.15
3042,49643.15
3043,49643.16
3044,49643.16
3045,49643.16
3046,49643.16
3047,49643.16
3048,49643.17
3049,49643.17
3050,49643.17
3051,49643.17
3052,49643.17
3053,49643.18
3054,49643.18
3055,49643.18
3056,49643.18
3057,49643.18
3058,49643.19
3059,49643.19
3060,49643.19
3061,49643.19
3062,49643.19
3063,49643.2
3064,49643.2
3065,49643.2
3066,49643.2
3067,49643.2
3068,49643.21
3069,49643.21
3070,49643.21
3071,49643.21
3072,49643.21
3073,49643.22
3074,49643.22
3075,49643.22
3076,49643.22
3077,49643.22
3078,49643.23
3079,49643.23
3080,49643.23
3081,49643.23
3082,49643.23
3083,49643.24
3084,49643.24
3085,49643.24
3086,49643.24
3087,49643.24
3088,49643.25
3089,49643.25
3090,49643.25
3091,49643.25
3092,49643.25
3093,49643.26
3094,49643.26
3095,49643.26
3096,49643.26
3097,49643.26
3098,49643.27
3099,49643.27
3100,49643.27
3101,49643.27
3102,49643.27
3103,49643.28
3104,49643.28
3105,49643.28
3106,49643.28
3107,49643.28
3108,49643.29
3109,49643.29
3110,49643.29
3111,49643.29
3112,49643.29
3113,49643.3
3114,49643.3
3115,49643.3
3116,49643.3
3117,49643.3
3118,49643.31
3119,49643.31
3120,49643.31
3121,49643.31
3122,49643.31
3123,49643.32
3124,49643.32
3125,49643.32
3126,49643.32
3127,49643.32
3128,49643.33
3129,49643.33
3130,49643.33
3131,49643.33
3132,49643.33
3133,49643.34
3134,49643.34
3135,49643.34
3136,49643.34
3137,49643.34
3138,49643.35
3139,49643.35
3140,49643.35
3141,49643.35
3142,49643.35
3143,49643.36
3144,49643.36
3145,49643.36
3146,49643.36
3147,49643.36
3148,49643.37
3149,49643.37
3150,49643.37
3151,49643.37
3152,49643.37
3153,49643.38
3154,49643.38
3155,49643.38
3156,49643.38
3157,49643.38
3158,49643.39
3159,49643.39
3160,49643.39
3161,49643.39
3162,49643.39
3163,49643.4
3164,49643.4
3165,49643.4
3166,49643.4
3167,49643.4
3168,49643.41
3169,49643.41
3170,49643.41
3171,49643.41
3172,49643.41
3173,49643.42
3174,49643.42
3175,49643.42
3176,49643.42
3177,49643.42
3178,49643.43
3179,49643.43
3180,49643.43
3181,49643.43
3182,49643.43
3183,49643.44
3184,49643.44
3185,49643.44
3186,49643.44
3187,49643.44
3188,49643.45
3189,49643.45
3190,49643.45
3191,49643.45
3192,49643.45
3193,49643.46
3194,49643.46
3195,49643.46
3196,49643.46
3197,49643.46
3198,49643.46
3199,49643.47
3200,49643.47
3201,49643.47
3202,49643.47
3203,49643.47
3204,49643.48
3205,49643.48
3206,49643.48
3207,49643.48
3208,49643.48
3209,49643.49
3210,49643.49
3211,49643.49
3212,49643.49
3213,49643.49
3214,49643.5
3215,49643.5
3216,49643.5
3217,49643.5
3218,49643.5
3219,49643.51
3220,49643.51
3221,49643.51
3222,49643.51
3223,49643.51
3224,49643.52
3225,49643.52
3226,49643.52
3227,49643.52
3228,49643.52
3229,49643.53
3230,49643.53
3231,49643.53
3232,49643.53
3233,49643.53
3234,49643.54
3235,49643.54
3236,49643.54
3237,49643.54
3238,49643.54
3239,49643.55
3240,49643.55
3241,49643.55
3242,49643.55
3243,49643.55
3244,49643.56
3245,49643.56
3246,49643.56
3247,49643.56
3248,49643.56
3249,49643.57
3250,49643.57
3251,49643.57
3252,49643.57
3253,49643.57
3254,49643.58
3255,49643.58
3256,49643.58
3257,49643.58
3258,49643.58
3259,49643.59
3260,49643.59
3261,49643.59
3262,49643.59
3263,49643.59
3264,49643.6
3265,49643.6
3266,49643.6
3267,49643.6
3268,49643.6
3269,49643.61
3270,49643.61
3271,49643.61
3272,49643.61
3273,49643.61
3274,49643.62
3275,49643.62
3276,49643.62
3277,49643.62
3278,49643.62
3279,49643.62
3280,49643.63
3281,49643.63
3282,49643.63
3283,49643.63
3284,49643.64
3285,49643.64
3286,49643.64
3287,49643.64
3288,49643.64
3289,49643.65
3290,49643.65
3291,49643.65
3292,49643.65
3293,49643.65
3294,49643.66
3295,49643.66
3296,49643.66
3297,49643.66
3298,49643.66
3299,49643.67
3300,49643.67
3301,49643.67
3302,49643.67
3303,49643.67
3304,49643.68
3305,49643.68
3306,49643.68
3307,49643.68
3308,49643.68
3309,49643.69
3310,49643.69
3311,49643.69
3312,49643.69
3313,49643.69
3314,49643.7
3315,49643.7
3316,49643.7
3317,49643.7
3318,49643.7
3319,49643.71
3320,49643.71
3321,49643.71
3322,49643.71
3323,49643.71
3324,49643.72
3325,49643.72
3326,49643.72
3327,49643.72
3328,49643.72
3329,49643.73
3330,49643.73
3331,49643.73
3332,49643.73
3333,49643.73
3334,49643.74
3335,49643.74
3336,49643.74
3337,49643.74
3338,49643.74
3339,49643.75
3340,49643.75
3341,49643.75
3342,49643.75
3343,49643.75
3344,49643.76
3345,49643.76
3346,49643.76
3347,49643.76
3348,49643.76
3349,49643.77
3350,49643.77
3351,49643.77
3352,49643.77
3353,49643.77
3354,49643.78
3355,49643.78
3356,49643.78
3357,49643.78
3358,49643.78
3359,49643.79
3360,49643.79
3361,49643.79
3362,49643.79
3363,49643.79
3364,49643.79
3365,49643.8
3366,49643.8
3367,49643.8
3368,49643.8
3369,49643.8
3370,49643.81
3371,49643.81
3372,49643.81
3373,49643.81
3374,49643.81
3375,49643.82
3376,49643.82
3377,49643.82
3378,49643.82
3379,49643.82
3380,49643.83
3381,49643.83
3382,49643.83
3383,49643.83
3384,49643.83
3385,49643.84
3386,49643.84
3387,49643.84
3388,49643.84
3389,49643.84
3390,49643.85
3391,49643.85
3392,49643.85
3393,49643.85
3394,49643.85
3395,49643.86
3396,49643.86
3397,49643.86
3398,49643.86
3399,49643.86
3400,49643.87
3401,49643.87
3402,49643.87
3403,49643.87
3404,49643.87
3405,49643.88
3406,49643.88
3407,49643.88
3408,49643.88
3409,49643.88
3410,49643.89
3411,49643.89
3412,49643.89
3413,49643.89
3414,49643.89
3415,49643.9
3416,49643.9
3417,49643.9
3418,49643.9
3419,49643.9
3420,49643.91
3421,49643.91
3422,49643.91
3423,49643.91
3424,49643.91
3425,49643.92
3426,49643.92
3427,49643.92
3428,49643.92
3429,49643.92
3430,49643.93
3431,49643.93
3432,49643.93
3433,49643.93
3434,49643.93
3435,49643.94
3436,49643.94
3437,49643.94
3438,49643.94
3439,49643.94
3440,49643.95
3441,49643.95
3442,49643.95
3443,49643.95
3444,49643.95
3445,49643.96
3446,49643.96
3447,49643.96
3448,49643.96
3449,49643.96
3450,49643.97
3451,49643.97
3452,49643.97
3453,49643.97
3454,49643.97
3455,49643.98
3456,49643.98
3457,49643.98
3458,49643.98
3459,49643.98
3460,49643.99
3461,49643.99
3462,49643.99
3463,49643.99
3464,49643.99
3465,49644.0
3466,49644.0
3467,49644.0
3468,49644.0
3469,49644.0
3470,49644.01
3471,49644.01
3472,49644.01
3473,49644.01
3474,49644.01
3475,49644.02
3476,49644.02
3477,49644.02
3478,49644.02
3479,49644.02
3480,49644.03
3481,49644.03
3482,49644.03
3483,49644.03
3484,49644.03
3485,49644.04
3486,49644.04
3487,49644.04
3488,49644.04
3489,49644.04
3490,49644.05
3491,49644.05
3492,49644.05
3493,49644.05
3494,49644.05
3495,49644.06
3496,49644.06
3497,49644.06
3498,49644.06
3499,49644.06
3500,49644.07
3501,49644.07
3502,49644.07
3503,49644.07
3504,49644.07
3505,49644.08
3506,49644.08
3507,49644.08
3508,49644.08
3509,49644.08
3510,49644.09
3511,49644.09
3512,49644.09
3513,49644.09
3514,49644.09
3515,49644.1
3516,49644.1
3517,49644.1
3518,49644.1
3519,49644.1
3520,49644.11
3521,49644.11
3522,49644.11
3523,49644.11
3524,49644.11
3525,49644.12
3526,49644.12
3527,49644.12
3528,49644.12
3529,49644.12
3530,49644.12
3531,49644.13
3532,49644.13
3533,49644.13
3534,49644.13
3535,49644.13
3536,49644.14
3537,49644.14
3538,49644.14
3539,49644.14
3540,49644.14
3541,49644.15
3542,49644.15
3543,49644.15
3544,49644.15
3545,49644.15
3546,49644.16
3547,49644.16
3548,49644.16
3549,49644.16
3550,49644.16
3551,49644.17
3552,49644.17
3553,49644.17
3554,49644.17
3555,49644.17
3556,49644.18
3557,49644.18
3558,49644.18
3559,49644.18
3560,49644.18
3561,49644.19
3562,49644.19
3563,49644.19
3564,49644.19
3565,49644.19
3566,49644.2
3567,49644.2
3568,49644.2
3569,49644.2
3570,49644.2
3571,49644.21
3572,49644.21
3573,49644.21
3574,49644.21
3575,49644.21
3576,49644.22
3577,49644.22
3578,49644.22
3579,49644.22
3580,49644.22
3581,49644.23
3582,49644.23
3583,49644.23
3584,49644.23
3585,49644.23
3586,49644.24
3587,49644.24
3588,49644.24
3589,49644.24
3590,49644.24
3591,49644.25
3592,49644.25
3593,49644.25
3594,49644.25
3595,49644.25
3596,49644.26
3597,49644.26
3598,49644.26
3599,49644.26
3600,49644.26
3601,49644.27
3602,49644.27
3603,49644.27
3604,49644.27
3605,49644.27
3606,49644.28
3607,49644.28
3608,49644.28
3609,49644.28
3610,49644.28
3611,49644.29
3612,49644.29
3613,49644.29
3614,49644.29
3615,49644.29
3616,49644.29
3617,49644.3
3618,49644.3
3619,49644.3
3620,49644.3
3621,49644.3
3622,49644.31
3623,49644.31
3624,49644.31
3625,49644.31
3626,49644.31
3627,49644.32
3628,49644.32
3629,49644.32
3630,49644.32
3631,49644.32
3632,49644.33
3633,49644.33
3634,49644.33
3635,49644.33
3636,49644.33
3637,49644.34
3638,49644.34
3639,49644.34
3640,49644.34
3641,49644.34
3642,49644.35
3643,49644.35
3644,49644.35
3645,49644.35
3646,49644.35
3647,49644.36
3648,49644.36
3649,49644.36
3650,49644.36
3651,49644.36
3652,49644.37
3653,49644.37
3654,49644.37
3655,49644.37
3656,49644.37
3657,49644.38
3658,49644.38
3659,49644.38
3660,49644.38
3661,49644.38
3662,49644.39
3663,49644.39
3664,49644.39
3665,49644.39
3666,49644.39
3667,49644.4
3668,49644.4
3669,49644.4
3670,49644.4
3671,49644.4
3672,49644.41
3673,49644.41
3674,49644.41
3675,49644.41
3676,49644.41
3677,49644.42
3678,49644.42
3679,49644.42
3680,49644.42
3681,49644.42
3682,49644.43
3683,49644.43
3684,49644.43
3685,49644.43
3686,49644.43
3687,49644.44
3688,49644.44
3689,49644.44
3690,49644.44
3691,49644.44
3692,49644.45
3693,49644.45
3694,49644.45
3695,49644.45
3696,49644.45
3697,49644.46
3698,49644.46
3699,49644.46
3700,49644.46
3701,49644.46
3702,49644.47
3703,49644.47
3704,49644.47
3705,49644.47
3706,49644.47
3707,49644.48
3708,49644.48
3709,49644.48
3710,49644.48
3711,49644.48
3712,49644.49
3713,49644.49
3714,49644.49
3715,49644.49
3716,49644.49
3717,49644.5
3718,49644.5
3719,49644.5
3720,49644.5
3721,49644.5
3722,49644.51
3723,49644.51
3724,49644.51
3725,49644.51
3726,49644.51
3727,49644.52
3728,49644.52
3729,49644.52
3730,49644.52
3731,49644.52
3732,49644.53
3733,49644.53
3734,49644.53
3735,49644.53
3736,49644.53
3737,49644.54
3738,49644.54
3739,49644.54
3740,49644.54
3741,49644.54
3742,49644.55
3743,49644.55
3744,49644.55
3745,49644.55
3746,49644.55
3747,49644.56
3748,49644.56
3749,49644.56
3750,49644.56
3751,49644.56
3752,49644.57
3753,49644.57
3754,49644.57
3755,49644.57
3756,49644.57
3757,49644.58
3758,49644.58
3759,49644.58
3760,49644.58
3761,49644.58
3762,49644.59
3763,49644.59
3764,49644.59
3765,49644.59
3766,49644.59
3767,49644.6
3768,49644.6
3769,49644.6
3770,49644.6
3771,49644.6
3772,49644.61
3773,49644.61
3774,49644.61
3775,49644.61
3776,49644.61
3777,49644.62
3778,49644.62
3779,49644.62
3780,49644.62
3781,49644.62
3782,49644.63
3783,49644.63
3784,49644.63
3785,49644.63
3786,49644.63
3787,49644.63
3788,49644.64
3789,49644.64
3790,49644.64
3791,49644.64
3792,49644.64
3793,49644.65
3794,49644.65
3795,49644.65
3796,49644.65
3797,49644.65
3798,49644.66
3799,49644.66
3800,49644.66
3801,49644.66
3802,49644.66
3803,49644.67
3804,49644.67
3805,49644.67
3806,49644.67
3807,49644.67
3808,49644.68
3809,49644.68
3810,49644.68
3811,49644.68
3812,49644.68
3813,49644.69
3814,49644.69
3815,49644.69
3816,49644.69
3817,49644.69
3818,49644.7
3819,49644.7
3820,49644.7
3821,49644.7
3822,49644.71
3823,49644.71
3824,49644.71
3825,49644.71
3826,49644.71
3827,49644.72
3828,49644.72
3829,49644.72
3830,49644.72
3831,49644.72
3832,49644.73
3833,49644.73
3834,49644.73
3835,49644.73
3836,49644.73
3837,49644.74
3838,49644.74
3839,49644.74
3840,49644.74
3841,49644.74
3842,49644.75
3843,49644.75
3844,49644.75
3845,49644.75
3846,49644.75
3847,49644.76
3848,49644.76
3849,49644.76
3850,49644.76
3851,49644.76
3852,49644.77
3853,49644.77
3854,49644.77
3855,49644.77
3856,49644.77
3857,49644.78
3858,49644.78
3859,49644.78
3860,49644.78
3861,49644.78
3862,49644.79
3863,49644.79
3864,49644.79
3865,49644.79
3866,49644.79
3867,49644.79
3868,49644.8
3869,49644.8
3870,49644.8
3871,49644.8
3872,49644.8
3873,49644.81
3874,49644.81
3875,49644.81
3876,49644.81
3877,49644.81
3878,49644.82
3879,49644.82
3880,49644.82
3881,49644.82
3882,49644.82
3883,49644.83
3884,49644.83
3885,49644.83
3886,49644.83
3887,49644.83
3888,49644.84
3889,49644.84
3890,49644.84
3891,49644.84
3892,49644.84
3893,49644.85
3894,49644.85
3895,49644.85
3896,49644.85
3897,49644.85
3898,49644.86
3899,49644.86
3900,49644.86
3901,49644.86
3902,49644.86
3903,49644.87
3904,49644.87
3905,49644.87
3906,49644.87
3907,49644.87
3908,49644.88
3909,49644.88
3910,49644.88
3911,49644.88
3912,49644.88
3913,49644.89
3914,49644.89
3915,49644.89
3916,49644.89
3917,49644.89
3918,49644.9
3919,49644.9
3920,49644.9
3921,49644.9
3922,49644.9
3923,49644.91
3924,49644.91
3925,49644.91
3926,49644.91
3927,49644.91
3928,49644.92
3929,49644.92
3930,49644.92
3931,49644.92
3932,49644.92
3933,49644.93
3934,49644.93
3935,49644.93
3936,49644.93
3937,49644.93
3938,49644.94
3939,49644.94
3940,49644.94
3941,49644.94
3942,49644.94
3943,49644.95
3944,49644.95
3945,49644.95
3946,49644.95
3947,49644.95
3948,49644.96
3949,49644.96
3950,49644.96
3951,49644.96
3952,49644.96
3953,49644.96
3954,49644.97
3955,49644.97
3956,49644.97
3957,49644.97
3958,49644.97
3959,49644.98
3960,49644.98
3961,49644.98
3962,49644.98
3963,49644.98
3964,49644.99
3965,49644.99
3966,49644.99
3967,49644.99
3968,49644.99
3969,49645.0
3970,49645.0
3971,49645.0
3972,49645.0
3973,49645.0
3974,49645.01
3975,49645.01
3976,49645.01
3977,49645.01
3978,49645.01
3979,49645.02
3980,49645.02
3981,49645.02
3982,49645.02
3983,49645.02
3984,49645.03
3985,49645.03
3986,49645.03
3987,49645.03
3988,49645.03
3989,49645.04
3990,49645.04
3991,49645.04
3992,49645.04
3993,49645.04
3994,49645.05
3995,49645.05
3996,49645.05
3997,49645.05
3998,49645.05
3999,49645.06
4000,49645.06
4001,49645.06
4002,49645.06
4003,49645.06
4004,49645.07
4005,49645.07
4006,49645.07
4007,49645.07
4008,49645.07
4009,49645.08
4010,49645.08
4011,49645.08
4012,49645.08
4013,49645.08
4014,49645.09
4015,49645.09
4016,49645.09
4017,49645.09
4018,49645.09
4019,49645.1
4020,49645.1
4021,49645.1
4022,49645.1
4023,49645.1
4024,49645.11
4025,49645.11
4026,49645.11
4027,49645.11
4028,49645.11
4029,49645.12
4030,49645.12
4031,49645.12
4032,49645.12
4033,49645.12
4034,49645.13
4035,49645.13
4036,49645.13
4037,49645.13
4038,49645.13
4039,49645.14
4040,49645.14
4041,49645.14
4042,49645.14
4043,49645.14
4044,49645.15
4045,49645.15
4046,49645.15
4047,49645.15
4048,49645.15
4049,49645.16
4050,49645.16
4051,49645.16
4052,49645.16
4053,49645.16
4054,49645.17
4055,49645.17
4056,49645.17
4057,49645.17
4058,49645.17
4059,49645.18
4060,49645.18
4061,49645.18
4062,49645.18
4063,49645.18
4064,49645.19
4065,49645.19
4066,49645.19
4067,49645.19
4068,49645.19
4069,49645.2
4070,49645.2
4071,49645.2
4072,49645.2
4073,49645.2
4074,49645.21
4075,49645.21
4076,49645.21
4077,49645.21
4078,49645.21
4079,49645.22
4080,49645.22
4081,49645.22
4082,49645.22
4083,49645.22
4084,49645.23
4085,49645.23
4086,49645.23
4087,49645.23
4088,49645.23
4089,49645.24
4090,49645.24
4091,49645.24
4092,49645.24
4093,49645.24
4094,49645.25
4095,49645.25
4096,49645.25
4097,49645.25
4098,49645.25
4099,49645.26
4100,49645.26
4101,49645.26
4102,49645.26
4103,49645.26
4104,49645.27
4105,49645.27
4106,49645.27
4107,49645.27
4108,49645.27
4109,49645.28
4110,49645.28
4111,49645.28
4112,49645.28
4113,49645.28
4114,49645.29
4115,49645.29
4116,49645.29
4117,49645.29
4118,49645.29
4119,49645.29
4120,49645.3
4121,49645.3
4122,49645.3
4123,49645.3
4124,49645.3
4125,49645.31
4126,49645.31
4127,49645.31
4128,49645.31
4129,49645.31
4130,49645.32
4131,49645.32
4132,49645.32
4133,49645.32
4134,49645.32
4135,49645.33
4136,49645.33
4137,49645.33
4138,49645.33
4139,49645.33
4140,49645.34
4141,49645.34
4142,49645.34
4143,49645.34
4144,49645.34
4145,49645.35
4146,49645.35
4147,49645.35
4148,49645.35
4149,49645.35
4150,49645.36
4151,49645.36
4152,49645.36
4153,49645.36
4154,49645.36
4155,49645.37
4156,49645.37
4157,49645.37
4158,49645.37
4159,49645.37
4160,49645.38
4161,49645.38
4162,49645.38
4163,49645.38
4164,49645.38
4165,49645.39
4166,49645.39
4167,49645.39
4168,49645.39
4169,49645.39
4170,49645.4
4171,49645.4
4172,49645.4
4173,49645.4
4174,49645.4
4175,49645.41
4176,49645.41
4177,49645.41
4178,49645.41
4179,49645.41
4180,49645.42
4181,49645.42
4182,49645.42
4183,49645.42
4184,49645.42
4185,49645.43
4186,49645.43
4187,49645.43
4188,49645.43
4189,49645.43
4190,49645.44
4191,49645.44
4192,49645.44
4193,49645.44
4194,49645.44
4195,49645.45
4196,49645.45
4197,49645.45
4198,49645.45
4199,49645.45
4200,49645.46
4201,49645.46
4202,49645.46
4203,49645.46
4204,49645.46
4205,49645.46
4206,49645.47
4207,49645.47
4208,49645.47
4209,49645.47
4210,49645.47
4211,49645.48
4212,49645.48
4213,49645.48
4214,49645.48
4215,49645.48
4216,49645.49
4217,49645.49
4218,49645.49
4219,49645.49
4220,49645.49
4221,49645.5
4222,49645.5
4223,49645.5
4224,49645.5
4225,49645.5
4226,49645.51
4227,49645.51
4228,49645.51
4229,49645.51
4230,49645.51
4231,49645.52
4232,49645.52
4233,49645.52
4234,49645.52
4235,49645.52
4236,49645.53
4237,49645.53
4238,49645.53
4239,49645.53
4240,49645.53
4241,49645.54
4242,49645.54
4243,49645.54
4244,49645.54
4245,49645.55
4246,49645.55
4247,49645.55
4248,49645.55
4249,49645.55
4250,49645.56
4251,49645.56
4252,49645.56
4253,49645.56
4254,49645.56
4255,49645.57
4256,49645.57
4257,49645.57
4258,49645.57
4259,49645.57
4260,49645.58
4261,49645.58
4262,49645.58
4263,49645.58
4264,49645.58
4265,49645.59
4266,49645.59
4267,49645.59
4268,49645.59
4269,49645.59
4270,49645.6
4271,49645.6
4272,49645.6
4273,49645.6
4274,49645.6
4275,49645.61
4276,49645.61
4277,49645.61
4278,49645.61
4279,49645.61
4280,49645.62
4281,49645.62
4282,49645.62
4283,49645.62
4284,49645.62
4285,49645.63
4286,49645.63
4287,49645.63
4288,49645.63
4289,49645.63
4290,49645.63
4291,49645.64
4292,49645.64
4293,49645.64
4294,49645.64
4295,49645.64
4296,49645.65
4297,49645.65
4298,49645.65
4299,49645.65
4300,49645.65
4301,49645.66
4302,49645.66
4303,49645.66
4304,49645.66
4305,49645.66
4306,49645.67
4307,49645.67
4308,49645.67
4309,49645.67
4310,49645.67
4311,49645.68
4312,49645.68
4313,49645.68
4314,49645.68
4315,49645.68
4316,49645.69
4317,49645.69
4318,49645.69
4319,49645.69
4320,49645.69
4321,49645.7
4322,49645.7
4323,49645.7
4324,49645.7
4325,49645.7
4326,49645.71
4327,49645.71
4328,49645.71
4329,49645.71
4330,49645.71
4331,49645.72
4332,49645.72
4333,49645.72
4334,49645.72
4335,49645.72
4336,49645.73
4337,49645.73
4338,49645.73
4339,49645.73
4340,49645.73
4341,49645.74
4342,49645.74
4343,49645.74
4344,49645.74
4345,49645.74
4346,49645.75
4347,49645.75
4348,49645.75
4349,49645.75
4350,49645.75
4351,49645.76
4352,49645.76
4353,49645.76
4354,49645.76
4355,49645.76
4356,49645.77
4357,49645.77
4358,49645.77
4359,49645.77
4360,49645.77
4361,49645.78
4362,49645.78
4363,49645.78
4364,49645.78
4365,49645.78
4366,49645.79
4367,49645.79
4368,49645.79
4369,49645.79
4370,49645.79
4371,49645.79
4372,49645.8
4373,49645.8
4374,49645.8
4375,49645.8
4376,49645.81
4377,49645.81
4378,49645.81
4379,49645.81
4380,49645.81
4381,49645.82
4382,49645.82
4383,49645.82
4384,49645.82
4385,49645.82
4386,49645.83
4387,49645.83
4388,49645.83
4389,49645.83
4390,49645.83
4391,49645.84
4392,49645.84
4393,49645.84
4394,49645.84
4395,49645.84
4396,49645.85
4397,49645.85
4398,49645.85
4399,49645.85
4400,49645.85
4401,49645.86
4402,49645.86
4403,49645.86
4404,49645.86
4405,49645.86
4406,49645.87
4407,49645.87
4408,49645.87
4409,49645.87
4410,49645.87
4411,49645.88
4412,49645.88
4413,49645.88
4414,49645.88
4415,49645.88
4416,49645.89
4417,49645.89
4418,49645.89
4419,49645.89
4420,49645.89
4421,49645.9
4422,49645.9
4423,49645.9
4424,49645.9
4425,49645.9
4426,49645.91
4427,49645.91
4428,49645.91
4429,49645.91
4430,49645.91
4431,49645.92
4432,49645.92
4433,49645.92
4434,49645.92
4435,49645.92
4436,49645.93
4437,49645.93
4438,49645.93
4439,49645.93
4440,49645.93
4441,49645.94
4442,49645.94
4443,49645.94
4444,49645.94
4445,49645.94
4446,49645.95
4447,49645.95
4448,49645.95
4449,49645.95
4450,49645.95
4451,49645.96
4452,49645.96
4453,49645.96
4454,49645.96
4455,49645.96
4456,49645.96
4457,49645.97
4458,49645.97
4459,49645.97
4460,49645.97
4461,49645.97
4462,49645.98
4463,49645.98
4464,49645.98
4465,49645.98
4466,49645.98
4467,49645.99
4468,49645.99
4469,49645.99
4470,49645.99
4471,49645.99
4472,49646.0
4473,49646.0
4474,49646.0
4475,49646.0
4476,49646.0
4477,49646.01
4478,49646.01
4479,49646.01
4480,49646.01
4481,49646.01
4482,49646.02
4483,49646.02
4484,49646.02
4485,49646.02
4486,49646.02
4487,49646.03
4488,49646.03
4489,49646.03
4490,49646.03
4491,49646.03
4492,49646.04
4493,49646.04
4494,49646.04
4495,49646.04
4496,49646.04
4497,49646.05
4498,49646.05
4499,49646.05
4500,49646.05
4501,49646.05
4502,49646.06
4503,49646.06
4504,49646.06
4505,49646.06
4506,49646.06
4507,49646.07
4508,49646.07
4509,49646.07
4510,49646.07
4511,49646.07
4512,49646.08
4513,49646.08
4514,49646.08
4515,49646.08
4516,49646.08
4517,49646.09
4518,49646.09
4519,49646.09
4520,49646.09
4521,49646.09
4522,49646.1
4523,49646.1
4524,49646.1
4525,49646.1
4526,49646.1
4527,49646.11
4528,49646.11
4529,49646.11
4530,49646.11
4531,49646.11
4532,49646.12
4533,49646.12
4534,49646.12
4535,49646.12
4536,49646.12
4537,49646.13
4538,49646.13
4539,49646.13
4540,49646.13
4541,49646.13
4542,49646.13
4543,49646.14
4544,49646.14
4545,49646.14
4546,49646.14
4547,49646.14
4548,49646.15
4549,49646.15
4550,49646.15
4551,49646.15
4552,49646.15
4553,49646.16
4554,49646.16
4555,49646.16
4556,49646.16
4557,49646.16
4558,49646.17
4559,49646.17
4560,49646.17
4561,49646.17
4562,49646.17
4563,49646.18
4564,49646.18
4565,49646.18
4566,49646.18
4567,49646.18
4568,49646.19
4569,49646.19
4570,49646.19
4571,49646.19
4572,49646.19
4573,49646.2
4574,49646.2
4575,49646.2
4576,49646.2
4577,49646.2
4578,49646.21
4579,49646.21
4580,49646.21
4581,49646.21
4582,49646.21
4583,49646.22
4584,49646.22
4585,49646.22
4586,49646.22
4587,49646.22
4588,49646.23
4589,49646.23
4590,49646.23
4591,49646.23
4592,49646.23
4593,49646.24
4594,49646.24
4595,49646.24
4596,49646.24
4597,49646.24
4598,49646.25
4599,49646.25
4600,49646.25
4601,49646.25
4602,49646.25
4603,49646.26
4604,49646.26
4605,49646.26
4606,49646.26
4607,49646.26
4608,49646.27
4609,49646.27
4610,49646.27
4611,49646.27
4612,49646.27
4613,49646.28
4614,49646.28
4615,49646.28
4616,49646.28
4617,49646.28
4618,49646.29
4619,49646.29
4620,49646.29
4621,49646.29
4622,49646.29
4623,49646.3
4624,49646.3
4625,49646.3
4626,49646.3
4627,49646.3
4628,49646.31
4629,49646.31
4630,49646.31
4631,49646.31
4632,49646.31
4633,49646.32
4634,49646.32
4635,49646.32
4636,49646.32
4637,49646.32
4638,49646.33
4639,49646.33
4640,49646.33
4641,49646.33
4642,49646.33
4643,49646.34
4644,49646.34
4645,49646.34
4646,49646.34
4647,49646.34
4648,49646.35
4649,49646.35
4650,49646.35
4651,49646.35
4652,49646.35
4653,49646.36
4654,49646.36
4655,49646.36
4656,49646.36
4657,49646.36
4658,49646.37
4659,49646.37
4660,49646.37
4661,49646.37
4662,49646.37
4663,49646.38
4664,49646.38
4665,49646.38
4666,49646.38
4667,49646.38
4668,49646.39
4669,49646.39
4670,49646.39
4671,49646.39
4672,49646.39
4673,49646.4
4674,49646.4
4675,49646.4
4676,49646.4
4677,49646.4
4678,49646.41
4679,49646.41
4680,49646.41
4681,49646.41
4682,49646.41
4683,49646.42
4684,49646.42
4685,49646.42
4686,49646.42
4687,49646.42
4688,49646.43
4689,49646.43
4690,49646.43
4691,49646.43
4692,49646.43
4693,49646.44
4694,49646.44
4695,49646.44
4696,49646.44
4697,49646.44
4698,49646.45
4699,49646.45
4700,49646.45
4701,49646.45
4702,49646.45
4703,49646.46
4704,49646.46
4705,49646.46
4706,49646.46
4707,49646.46
4708,49646.46
4709,49646.47
4710,49646.47
4711,49646.47
4712,49646.47
4713,49646.47
4714,49646.48
4715,49646.48
4716,49646.48
4717,49646.48
4718,49646.48
4719,49646.49
4720,49646.49
4721,49646.49
4722,49646.49
4723,49646.49
4724,49646.5
4725,49646.5
4726,49646.5
4727,49646.5
4728,49646.5
4729,49646.51
4730,49646.51
4731,49646.51
4732,49646.51
4733,49646.51
4734,49646.52
4735,49646.52
4736,49646.52
4737,49646.52
4738,49646.52
4739,49646.53
4740,49646.53
4741,49646.53
4742,49646.53
4743,49646.53
4744,49646.54
4745,49646.54
4746,49646.54
4747,49646.54
4748,49646.54
4749,49646.55
4750,49646.55
4751,49646.55
4752,49646.55
4753,49646.55
4754,49646.56
4755,49646.56
4756,49646.56
4757,49646.56
4758,49646.56
4759,49646.57
4760,49646.57
4761,49646.57
4762,49646.57
4763,49646.57
4764,49646.58
4765,49646.58
4766,49646.58
4767,49646.58
4768,49646.58
4769,49646.59
4770,49646.59
4771,49646.59
4772,49646.59
4773,49646.59
4774,49646.6
4775,49646.6
4776,49646.6
4777,49646.6
4778,49646.6
4779,49646.61
4780,49646.61
4781,49646.61
4782,49646.61
4783,49646.62
4784,49646.62
4785,49646.62
4786,49646.62
4787,49646.62
4788,49646.63
4789,49646.63
4790,49646.63
4791,49646.63
4792,49646.63
4793,49646.63
4794,49646.64
4795,49646.64
4796,49646.64
4797,49646.64
4798,49646.64
4799,49646.65
4800,49646.65
4801,49646.65
4802,49646.65
4803,49646.65
4804,49646.66
4805,49646.66
4806,49646.66
4807,49646.66
4808,49646.66
4809,49646.67
4810,49646.67
4811,49646.67
4812,49646.67
4813,49646.67
4814,49646.68
4815,49646.68
4816,49646.68
4817,49646.68
4818,49646.68
4819,49646.69
4820,49646.69
4821,49646.69
4822,49646.69
4823,49646.69
4824,49646.7
4825,49646.7
4826,49646.7
4827,49646.7
4828,49646.7
4829,49646.71
4830,49646.71
4831,49646.71
4832,49646.71
4833,49646.71
4834,49646.72
4835,49646.72
4836,49646.72
4837,49646.72
4838,49646.72
4839,49646.73
4840,49646.73
4841,49646.73
4842,49646.73
4843,49646.73
4844,49646.74
4845,49646.74
4846,49646.74
4847,49646.74
4848,49646.74
4849,49646.75
4850,49646.75
4851,49646.75
4852,49646.75
4853,49646.75
4854,49646.76
4855,49646.76
4856,49646.76
4857,49646.76
4858,49646.76
4859,49646.77
4860,49646.77
4861,49646.77
4862,49646.77
4863,49646.77
4864,49646.78
4865,49646.78
4866,49646.78
4867,49646.78
4868,49646.78
4869,49646.79
4870,49646.79
4871,49646.79
4872,49646.79
4873,49646.79
4874,49646.79
4875,49646.8
4876,49646.8
4877,49646.8
4878,49646.8
4879,49646.8
4880,49646.81
4881,49646.81
4882,49646.81
4883,49646.81
4884,49646.81
4885,49646.82
4886,49646.82
4887,49646.82
4888,49646.82
4889,49646.82
4890,49646.83
4891,49646.83
4892,49646.83
4893,49646.83
4894,49646.83
4895,49646.84
4896,49646.84
4897,49646.84
4898,49646.84
4899,49646.84
4900,49646.85
4901,49646.85
4902,49646.85
4903,49646.85
4904,49646.85
4905,49646.86
4906,49646.86
4907,49646.86
4908,49646.86
4909,49646.86
4910,49646.87
4911,49646.87
4912,49646.87
4913,49646.87
4914,49646.87
4915,49646.88
4916,49646.88
4917,49646.88
4918,49646.88
4919,49646.88
4920,49646.89
4921,49646.89
4922,49646.89
4923,49646.89
4924,49646.89
4925,49646.9
4926,49646.9
4927,49646.9
4928,49646.9
4929,49646.9
4930,49646.91
4931,49646.91
4932,49646.91
4933,49646.91
4934,49646.91
4935,49646.92
4936,49646.92
4937,49646.92
4938,49646.92
4939,49646.92
4940,49646.93
4941,49646.93
4942,49646.93
4943,49646.93
4944,49646.93
4945,49646.94
4946,49646.94
4947,49646.94
4948,49646.94
4949,49646.94
4950,49646.95
4951,49646.95
4952,49646.95
4953,49646.95
4954,49646.95
4955,49646.96
4956,49646.96
4957,49646.96
4958,49646.96
4959,49646.96
4960,49646.97
4961,49646.97
4962,49646.97
4963,49646.97
4964,49646.97
4965,49646.98
4966,49646.98
4967,49646.98
4968,49646.98
4969,49646.98
4970,49646.99
4971,49646.99
4972,49646.99
4973,49646.99
4974,49646.99
4975,49647.0
4976,49647.0
4977,49647.0
4978,49647.0
4979,49647.0
4980,49647.01
4981,49647.01
4982,49647.01
4983,49647.01
4984,49647.01
4985,49647.02
4986,49647.02
4987,49647.02
4988,49647.02
4989,49647.02
4990,49647.03
4991,49647.03
4992,49647.03
4993,49647.03
4994,49647.03
4995,49647.04
4996,49647.04
4997,49647.04
4998,49647.04
4999,49647.04
5000,49647.05
5001,49647.05
5002,49647.05
5003,49647.05
5004,49647.05
5005,49647.06
5006,49647.06
5007,49647.06
5008,49647.06
5009,49647.06
5010,49647.07
5011,49647.07
5012,49647.07
5013,49647.07
5014,49647.07
5015,49647.08
5016,49647.08
5017,49647.08
5018,49647.08
5019,49647.08
5020,49647.09
5021,49647.09
5022,49647.09
5023,49647.09
5024,49647.09
5025,49647.1
5026,49647.1
5027,49647.1
5028,49647.1
5029,49647.1
5030,49647.11
5031,49647.11
5032,49647.11
5033,49647.11
5034,49647.11
5035,49647.12
5036,49647.12
5037,49647.12
5038,49647.12
5039,49647.12
5040,49647.13
5041,49647.13
5042,49647.13
5043,49647.13
5044,49647.13
5045,49647.13
5046,49647.14
5047,49647.14
5048,49647.14
5049,49647.14
5050,49647.14
5051,49647.15
5052,49647.15
5053,49647.15
5054,49647.15
5055,49647.15
5056,49647.16
5057,49647.16
5058,49647.16
5059,49647.16
5060,49647.16
5061,49647.17
5062,49647.17
5063,49647.17
5064,49647.17
5065,49647.17
5066,49647.18
5067,49647.18
5068,49647.18
5069,49647.18
5070,49647.18
5071,49647.19
5072,49647.19
5073,49647.19
5074,49647.19
5075,49647.19
5076,49647.2
5077,49647.2
5078,49647.2
5079,49647.2
5080,49647.2
5081,49647.21
5082,49647.21
5083,49647.21
5084,49647.21
5085,49647.21
5086,49647.22
5087,49647.22
5088,49647.22
5089,49647.22
5090,49647.22
5091,49647.23
5092,49647.23
5093,49647.23
5094,49647.23
5095,49647.23
5096,49647.24
5097,49647.24
5098,49647.24
5099,49647.24
5100,49647.24
5101,49647.25
5102,49647.25
5103,49647.25
5104,49647.25
5105,49647.25
5106,49647.26
5107,49647.26
5108,49647.26
5109,49647.26
5110,49647.26
5111,49647.27
5112,49647.27
5113,49647.27
5114,49647.27
5115,49647.27
5116,49647.28
5117,49647.28
5118,49647.28
5119,49647.28
5120,49647.28
5121,49647.29
5122,49647.29
5123,49647.29
5124,49647.29
5125,49647.29
5126,49647.3
5127,49647.3
5128,49647.3
5129,49647.3
5130,49647.3
5131,49647.3
5132,49647.31
5133,49647.31
5134,49647.31
5135,49647.31
5136,49647.31
5137,49647.32
5138,49647.32
5139,49647.32
5140,49647.32
5141,49647.32
5142,49647.33
5143,49647.33
5144,49647.33
5145,49647.33
5146,49647.34
5147,49647.34
5148,49647.34
5149,49647.34
5150,49647.34
5151,49647.35
5152,49647.35
5153,49647.35
5154,49647.35
5155,49647.35
5156,49647.36
5157,49647.36
5158,49647.36
5159,49647.36
5160,49647.36
5161,49647.37
5162,49647.37
5163,49647.37
5164,49647.37
5165,49647.37
5166,49647.38
5167,49647.38
5168,49647.38
5169,49647.38
5170,49647.38
5171,49647.39
5172,49647.39
5173,49647.39
5174,49647.39
5175,49647.39
5176,49647.4
5177,49647.4
5178,49647.4
5179,49647.4
5180,49647.4
5181,49647.41
5182,49647.41
5183,49647.41
5184,49647.41
5185,49647.41
5186,49647.42
5187,49647.42
5188,49647.42
5189,49647.42
5190,49647.42
5191,49647.43
5192,49647.43
5193,49647.43
5194,49647.43
5195,49647.43
5196,49647.44
5197,49647.44
5198,49647.44
5199,49647.44
5200,49647.44
5201,49647.45
5202,49647.45
5203,49647.45
5204,49647.45
5205,49647.45
5206,49647.46
5207,49647.46
5208,49647.46
5209,49647.46
5210,49647.46
5211,49647.46
5212,49647.47
5213,49647.47
5214,49647.47
5215,49647.47
5216,49647.47
5217,49647.48
5218,49647.48
5219,49647.48
5220,49647.48
5221,49647.48
5222,49647.49
5223,49647.49
5224,49647.49
5225,49647.49
5226,49647.49
5227,49647.5
5228,49647.5
5229,49647.5
5230,49647.5
5231,49647.5
5232,49647.51
5233,49647.51
5234,49647.51
5235,49647.51
5236,49647.51
5237,49647.52
5238,49647.52
5239,49647.52
5240,49647.52
5241,49647.52
5242,49647.53
5243,49647.53
5244,49647.53
5245,49647.53
5246,49647.53
5247,49647.54
5248,49647.54
5249,49647.54
5250,49647.54
5251,49647.54
5252,49647.55
5253,49647.55
5254,49647.55
5255,49647.55
5256,49647.55
5257,49647.56
5258,49647.56
5259,49647.56
5260,49647.56
5261,49647.56
5262,49647.57
5263,49647.57
5264,49647.57
5265,49647.57
5266,49647.57
5267,49647.58
5268,49647.58
5269,49647.58
5270,49647.58
5271,49647.58
5272,49647.59
5273,49647.59
5274,49647.59
5275,49647.59
5276,49647.59
5277,49647.6
5278,49647.6
5279,49647.6
5280,49647.6
5281,49647.6
5282,49647.61
5283,49647.61
5284,49647.61
5285,49647.61
5286,49647.61
5287,49647.62
5288,49647.62
5289,49647.62
5290,49647.62
5291,49647.62
5292,49647.63
5293,49647.63
5294,49647.63
5295,49647.63
5296,49647.63
5297,49647.64
5298,49647.64
5299,49647.64
5300,49647.64
5301,49647.64
5302,49647.65
5303,49647.65
5304,49647.65
5305,49647.65
5306,49647.65
5307,49647.66
5308,49647.66
5309,49647.66
5310,49647.66
5311,49647.66
5312,49647.67
5313,49647.67
5314,49647.67
5315,49647.67
5316,49647.67
5317,49647.68
5318,49647.68
5319,49647.68
5320,49647.68
5321,49647.68
5322,49647.69
5323,49647.69
5324,49647.69
5325,49647.69
5326,49647.69
5327,49647.7
5328,49647.7
5329,49647.7
5330,49647.7
5331,49647.7
5332,49647.71
5333,49647.71
5334,49647.71
5335,49647.71
5336,49647.71
5337,49647.72
5338,49647.72
5339,49647.72
5340,49647.72
5341,49647.72
5342,49647.73
5343,49647.73
5344,49647.73
5345,49647.73
5346,49647.73
5347,49647.74
5348,49647.74
5349,49647.74
5350,49647.74
5351,49647.74
5352,49647.75
5353,49647.75
5354,49647.75
5355,49647.75
5356,49647.75
5357,49647.76
5358,49647.76
5359,49647.76
5360,49647.76
5361,49647.76
5362,49647.77
5363,49647.77
5364,49647.77
5365,49647.77
5366,49647.77
5367,49647.78
5368,49647.78
5369,49647.78
5370,49647.78
5371,49647.78
5372,49647.79
5373,49647.79
5374,49647.79
5375,49647.79
5376,49647.79
5377,49647.8
5378,49647.8
5379,49647.8
5380,49647.8
5381,49647.8
5382,49647.8
5383,49647.81
5384,49647.81
5385,49647.81
5386,49647.81
5387,49647.81
5388,49647.82
5389,49647.82
5390,49647.82
5391,49647.82
5392,49647.82
5393,49647.83
5394,49647.83
5395,49647.83
5396,49647.83
5397,49647.83
5398,49647.84
5399,49647.84
5400,49647.84
5401,49647.84
5402,49647.84
5403,49647.85
5404,49647.85
5405,49647.85
5406,49647.85
5407,49647.85
5408,49647.86
5409,49647.86
5410,49647.86
5411,49647.86
5412,49647.86
5413,49647.87
5414,49647.87
5415,49647.87
5416,49647.87
5417,49647.87
5418,49647.88
5419,49647.88
5420,49647.88
5421,49647.88
5422,49647.88
5423,49647.89
5424,49647.89
5425,49647.89
5426,49647.89
5427,49647.89
5428,49647.9
5429,49647.9
5430,49647.9
5431,49647.9
5432,49647.9
5433,49647.91
5434,49647.91
5435,49647.91
5436,49647.91
5437,49647.91
5438,49647.92
5439,49647.92
5440,49647.92
5441,49647.92
5442,49647.92
5443,49647.93
5444,49647.93
5445,49647.93
5446,49647.93
5447,49647.93
5448,49647.94
5449,49647.94
5450,49647.94
5451,49647.94
5452,49647.94
5453,49647.95
5454,49647.95
5455,49647.95
5456,49647.95
5457,49647.95
5458,49647.96
5459,49647.96
5460,49647.96
5461,49647.96
5462,49647.96
5463,49647.97
5464,49647.97
5465,49647.97
5466,49647.97
5467,49647.97
5468,49647.98
5469,49647.98
5470,49647.98
5471,49647.98
5472,49647.98
5473,49647.99
5474,49647.99
5475,49647.99
5476,49647.99
5477,49647.99
5478,49648.0
5479,49648.0
5480,49648.0
5481,49648.0
5482,49648.0
5483,49648.01
5484,49648.01
5485,49648.01
5486,49648.01
5487,49648.01
5488,49648.02
5489,49648.02
5490,49648.02
5491,49648.02
5492,49648.02
5493,49648.03
5494,49648.03
5495,49648.03
5496,49648.03
5497,49648.03
5498,49648.04
5499,49648.04
5500,49648.04
5501,49648.04
5502,49648.04
5503,49648.05
5504,49648.05
5505,49648.05
5506,49648.05
5507,49648.05
5508,49648.06
5509,49648.06
5510,49648.06
5511,49648.06
5512,49648.06
5513,49648.07
5514,49648.07
5515,49648.07
5516,49648.07
5517,49648.07
5518,49648.08
5519,49648.08
5520,49648.08
5521,49648.08
5522,49648.08
5523,49648.09
5524,49648.09
5525,49648.09
5526,49648.09
5527,49648.09
5528,49648.1
5529,49648.1
5530,49648.1
5531,49648.1
5532,49648.1
5533,49648.11
5534,49648.11
5535,49648.11
5536,49648.11
5537,49648.11
5538,49648.12
5539,49648.12
5540,49648.12
5541,49648.12
5542,49648.12
5543,49648.13
5544,49648.13
5545,49648.13
5546,49648.13
5547,49648.13
5548,49648.13
5549,49648.13
5550,49648.14
5551,49648.14
5552,49648.14
5553,49648.14
5554,49648.14
5555,49648.15
5556,49648.15
5557,49648.15
5558,49648.15
5559,49648.15
5560,49648.16
5561,49648.16
5562,49648.16
5563,49648.16
5564,49648.16
5565,49648.17
5566,49648.17
5567,49648.17
5568,49648.17
5569,49648.18
5570,49648.18
5571,49648.18
5572,49648.18
5573,49648.18
5574,49648.19
5575,49648.19
5576,49648.19
5577,49648.19
5578,49648.19
5579,49648.2
5580,49648.2
5581,49648.2
5582,49648.2
5583,49648.2
5584,49648.21
5585,49648.21
5586,49648.21
5587,49648.21
5588,49648.21
5589,49648.22
5590,49648.22
5591,49648.22
5592,49648.22
5593,49648.22
5594,49648.23
5595,49648.23
5596,49648.23
5597,49648.23
5598,49648.23
5599,49648.24
5600,49648.24
5601,49648.24
5602,49648.24
5603,49648.24
5604,49648.25
5605,49648.25
5606,49648.25
5607,49648.25
5608,49648.25
5609,49648.26
5610,49648.26
5611,49648.26
5612,49648.26
5613,49648.26
5614,49648.27
5615,49648.27
5616,49648.27
5617,49648.27
5618,49648.27
5619,49648.28
5620,49648.28
5621,49648.28
5622,49648.28
5623,49648.28
5624,49648.29
5625,49648.29
5626,49648.29
5627,49648.29
5628,49648.29
5629,49648.3
5630,49648.3
5631,49648.3
5632,49648.3
5633,49648.3
5634,49648.3
5635,49648.31
5636,49648.31
5637,49648.31
5638,49648.31
5639,49648.31
5640,49648.32
5641,49648.32
5642,49648.32
5643,49648.32
5644,49648.32
5645,49648.33
5646,49648.33
5647,49648.33
5648,49648.33
5649,49648.33
5650,49648.34
5651,49648.34
5652,49648.34
5653,49648.34
5654,49648.34
5655,49648.35
5656,49648.35
5657,49648.35
5658,49648.35
5659,49648.35
5660,49648.36
5661,49648.36
5662,49648.36
5663,49648.36
5664,49648.36
5665,49648.37
5666,49648.37
5667,49648.37
5668,49648.37
5669,49648.37
5670,49648.38
5671,49648.38
5672,49648.38
5673,49648.38
5674,49648.38
5675,49648.39
5676,49648.39
5677,49648.39
5678,49648.39
5679,49648.39
5680,49648.4
5681,49648.4
5682,49648.4
5683,49648.4
5684,49648.4
5685,49648.41
5686,49648.41
5687,49648.41
5688,49648.41
5689,49648.41
5690,49648.42
5691,49648.42
5692,49648.42
5693,49648.42
5694,49648.42
5695,49648.43
5696,49648.43
5697,49648.43
5698,49648.43
5699,49648.43
5700,49648.44
5701,49648.44
5702,49648.44
5703,49648.44
5704,49648.44
5705,49648.45
5706,49648.45
5707,49648.45
5708,49648.45
5709,49648.45
5710,49648.46
5711,49648.46
5712,49648.46
5713,49648.46
5714,49648.46
5715,49648.47
5716,49648.47
5717,49648.47
5718,49648.47
5719,49648.47
5720,49648.48
5721,49648.48
5722,49648.48
5723,49648.48
5724,49648.48
5725,49648.49
5726,49648.49
5727,49648.49
5728,49648.49
5729,49648.49
5730,49648.5
5731,49648.5
5732,49648.5
5733,49648.5
5734,49648.5
5735,49648.51
5736,49648.51
5737,49648.51
5738,49648.51
5739,49648.51
5740,49648.52
5741,49648.52
5742,49648.52
5743,49648.52
5744,49648.52
5745,49648.53
5746,49648.53
5747,49648.53
5748,49648.53
5749,49648.53
5750,49648.54
5751,49648.54
5752,49648.54
5753,49648.54
5754,49648.54
5755,49648.55
5756,49648.55
5757,49648.55
5758,49648.55
5759,49648.55
5760,49648.56
5761,49648.56
5762,49648.56
5763,49648.56
5764,49648.56
5765,49648.57
5766,49648.57
5767,49648.57
5768,49648.57
5769,49648.57
5770,49648.58
5771,49648.58
5772,49648.58
5773,49648.58
5774,49648.58
5775,49648.59
5776,49648.59
5777,49648.59
5778,49648.59
5779,49648.59
5780,49648.6
5781,49648.6
5782,49648.6
5783,49648.6
5784,49648.6
5785,49648.61
5786,49648.61
5787,49648.61
5788,49648.61
5789,49648.61
5790,49648.62
5791,49648.62
5792,49648.62
5793,49648.62
5794,49648.62
5795,49648.63
5796,49648.63
5797,49648.63
5798,49648.63
5799,49648.63
5800,49648.63
5801,49648.64
5802,49648.64
5803,49648.64
5804,49648.64
5805,49648.64
5806,49648.65
5807,49648.65
5808,49648.65
5809,49648.65
5810,49648.65
5811,49648.66
5812,49648.66
5813,49648.66
5814,49648.66
5815,49648.66
5816,49648.67
5817,49648.67
5818,49648.67
5819,49648.67
5820,49648.67
5821,49648.68
5822,49648.68
5823,49648.68
5824,49648.68
5825,49648.68
5826,49648.69
5827,49648.69
5828,49648.69
5829,49648.69
5830,49648.69
5831,49648.7
5832,49648.7
5833,49648.7
5834,49648.7
5835,49648.7
5836,49648.71
5837,49648.71
5838,49648.71
5839,49648.71
5840,49648.71
5841,49648.72
5842,49648.72
5843,49648.72
5844,49648.72
5845,49648.72
5846,49648.73
5847,49648.73
5848,49648.73
5849,49648.73
5850,49648.73
5851,49648.74
5852,49648.74
5853,49648.74
5854,49648.74
5855,49648.74
5856,49648.75
5857,49648.75
5858,49648.75
5859,49648.75
5860,49648.75
5861,49648.76
5862,49648.76
5863,49648.76
5864,49648.76
5865,49648.76
5866,49648.77
5867,49648.77
5868,49648.77
5869,49648.77
5870,49648.77
5871,49648.78
5872,49648.78
5873,49648.78
5874,49648.78
5875,49648.78
5876,49648.79
5877,49648.79
5878,49648.79
5879,49648.79
5880,49648.79
5881,49648.8
5882,49648.8
5883,49648.8
5884,49648.8
5885,49648.8
5886,49648.81
5887,49648.81
5888,49648.81
5889,49648.81
5890,49648.81
5891,49648.82
5892,49648.82
5893,49648.82
5894,49648.82
5895,49648.82
5896,49648.83
5897,49648.83
5898,49648.83
5899,49648.83
5900,49648.83
5901,49648.84
5902,49648.84
5903,49648.84
5904,49648.84
5905,49648.84
5906,49648.85
5907,49648.85
5908,49648.85
5909,49648.85
5910,49648.85
5911,49648.86
5912,49648.86
5913,49648.86
5914,49648.86
5915,49648.86
5916,49648.87
5917,49648.87
5918,49648.87
5919,49648.87
5920,49648.87
5921,49648.88
5922,49648.88
5923,49648.88
5924,49648.88
5925,49648.88
5926,49648.89
5927,49648.89
5928,49648.89
5929,49648.89
5930,49648.89
5931,49648.9
5932,49648.9
5933,49648.9
5934,49648.9
5935,49648.9
5936,49648.91
5937,49648.91
5938,49648.91
5939,49648.91
5940,49648.91
5941,49648.92
5942,49648.92
5943,49648.92
5944,49648.92
5945,49648.92
5946,49648.93
5947,49648.93
5948,49648.93
5949,49648.93
5950,49648.93
5951,49648.94
5952,49648.94
5953,49648.94
5954,49648.94
5955,49648.94
5956,49648.95
5957,49648.95
5958,49648.95
5959,49648.95
5960,49648.95
5961,49648.96
5962,49648.96
5963,49648.96
5964,49648.96
5965,49648.96
5966,49648.97
5967,49648.97
5968,49648.97
5969,49648.97
5970,49648.97
5971,49648.97
5972,49648.98
5973,49648.98
5974,49648.98
5975,49648.98
5976,49648.98
5977,49648.99
5978,49648.99
5979,49648.99
5980,49648.99
5981,49648.99
5982,49649.0
5983,49649.0
5984,49649.0
5985,49649.0
5986,49649.0
5987,49649.01
5988,49649.01
5989,49649.01
5990,49649.01
5991,49649.01
5992,49649.02
5993,49649.02
5994,49649.02
5995,49649.02
5996,49649.02
5997,49649.03
5998,49649.03
5999,49649.03
6000,49649.03
6001,49649.03
6002,49649.04
6003,49649.04
6004,49649.04
6005,49649.04
6006,49649.04
6007,49649.05
6008,49649.05
6009,49649.05
6010,49649.05
6011,49649.05
6012,49649.06
6013,49649.06
6014,49649.06
6015,49649.06
6016,49649.06
6017,49649.07
6018,49649.07
6019,49649.07
6020,49649.07
6021,49649.07
6022,49649.08
6023,49649.08
6024,49649.08
6025,49649.08
6026,49649.08
6027,49649.09
6028,49649.09
6029,49649.09
6030,49649.09
6031,49649.09
6032,49649.1
6033,49649.1
6034,49649.1
6035,49649.1
6036,49649.1
6037,49649.11
6038,49649.11
6039,49649.11
6040,49649.11
6041,49649.11
6042,49649.12
6043,49649.12
6044,49649.12
6045,49649.12
6046,49649.13
6047,49649.13
6048,49649.13
6049,49649.13
6050,49649.13
6051,49649.13
6052,49649.14
6053,49649.14
6054,49649.14
6055,49649.14
6056,49649.14
6057,49649.15
6058,49649.15
6059,49649.15
6060,49649.15
6061,49649.15
6062,49649.16
6063,49649.16
6064,49649.16
6065,49649.16
6066,49649.16
6067,49649.17
6068,49649.17
6069,49649.17
6070,49649.17
6071,49649.17
6072,49649.18
6073,49649.18
6074,49649.18
6075,49649.18
6076,49649.18
6077,49649.19
6078,49649.19
6079,49649.19
6080,49649.19
6081,49649.19
6082,49649.2
6083,49649.2
6084,49649.2
6085,49649.2
6086,49649.2
6087,49649.21
6088,49649.21
6089,49649.21
6090,49649.21
6091,49649.21
6092,49649.22
6093,49649.22
6094,49649.22
6095,49649.22
6096,49649.22
6097,49649.23
6098,49649.23
6099,49649.23
6100,49649.23
6101,49649.23
6102,49649.24
6103,49649.24
6104,49649.24
6105,49649.24
6106,49649.24
6107,49649.25
6108,49649.25
6109,49649.25
6110,49649.25
6111,49649.25
6112,49649.26
6113,49649.26
6114,49649.26
6115,49649.26
6116,49649.26
6117,49649.27
6118,49649.27
6119,49649.27
6120,49649.27
6121,49649.27
6122,49649.28
6123,49649.28
6124,49649.28
6125,49649.28
6126,49649.28
6127,49649.29
6128,49649.29
6129,49649.29
6130,49649.29
6131,49649.29
6132,49649.3
6133,49649.3
6134,49649.3
6135,49649.3
6136,49649.3
6137,49649.3
6138,49649.31
6139,49649.31
6140,49649.31
6141,49649.31
6142,49649.31
6143,49649.32
6144,49649.32
6145,49649.32
6146,49649.32
6147,49649.32
6148,49649.33
6149,49649.33
6150,49649.33
6151,49649.33
6152,49649.33
6153,49649.34
6154,49649.34
6155,49649.34
6156,49649.34
6157,49649.34
6158,49649.35
6159,49649.35
6160,49649.35
6161,49649.35
6162,49649.35
6163,49649.36
6164,49649.36
6165,49649.36
6166,49649.36
6167,49649.36
6168,49649.37
6169,49649.37
6170,49649.37
6171,49649.37
6172,49649.37
6173,49649.38
6174,49649.38
6175,49649.38
6176,49649.38
6177,49649.38
6178,49649.39
6179,49649.39
6180,49649.39
6181,49649.39
6182,49649.39
6183,49649.4
6184,49649.4
6185,49649.4
6186,49649.4
6187,49649.4
6188,49649.41
6189,49649.41
6190,49649.41
6191,49649.41
6192,49649.41
6193,49649.42
6194,49649.42
6195,49649.42
6196,49649.42
6197,49649.42
6198,49649.43
6199,49649.43
6200,49649.43
6201,49649.43
6202,49649.43
6203,49649.44
6204,49649.44
6205,49649.44
6206,49649.44
6207,49649.44
6208,49649.45
6209,49649.45
6210,49649.45
6211,49649.45
6212,49649.45
6213,49649.46
6214,49649.46
6215,49649.46
6216,49649.46
6217,49649.46
6218,49649.47
6219,49649.47
6220,49649.47
6221,49649.47
6222,49649.47
6223,49649.48
6224,49649.48
6225,49649.48
6226,49649.48
6227,49649.48
6228,49649.49
6229,49649.49
6230,49649.49
6231,49649.49
6232,49649.49
6233,49649.5
6234,49649.5
6235,49649.5
6236,49649.5
6237,49649.5
6238,49649.51
6239,49649.51
6240,49649.51
6241,49649.51
6242,49649.51
6243,49649.52
6244,49649.52
6245,49649.52
6246,49649.52
6247,49649.52
6248,49649.53
6249,49649.53
6250,49649.53
6251,49649.53
6252,49649.53
6253,49649.54
6254,49649.54
6255,49649.54
6256,49649.54
6257,49649.54
6258,49649.55
6259,49649.55
6260,49649.55
6261,49649.55
6262,49649.55
6263,49649.56
6264,49649.56
6265,49649.56
6266,49649.56
6267,49649.56
6268,49649.57
6269,49649.57
6270,49649.57
6271,49649.57
6272,49649.57
6273,49649.58
6274,49649.58
6275,49649.58
6276,49649.58
6277,49649.58
6278,49649.59
6279,49649.59
6280,49649.59
6281,49649.59
6282,49649.59
6283,49649.6
6284,49649.6
6285,49649.6
6286,49649.6
6287,49649.6
6288,49649.61
6289,49649.61
6290,49649.61
6291,49649.61
6292,49649.61
6293,49649.62
6294,49649.62
6295,49649.62
6296,49649.62
6297,49649.62
6298,49649.63
6299,49649.63
6300,49649.63
6301,49649.63
6302,49649.63
6303,49649.63
6304,49649.64
6305,49649.64
6306,49649.64
6307,49649.64
6308,49649.64
6309,49649.65
6310,49649.65
6311,49649.65
6312,49649.65
6313,49649.65
6314,49649.66
6315,49649.66
6316,49649.66
6317,49649.66
6318,49649.66
6319,49649.67
6320,49649.67
6321,49649.67
6322,49649.67
6323,49649.67
6324,49649.68
6325,49649.68
6326,49649.68
6327,49649.68
6328,49649.68
6329,49649.69
6330,49649.69
6331,49649.69
6332,49649.69
6333,49649.69
6334,49649.7
6335,49649.7
6336,49649.7
6337,49649.7
6338,49649.7
6339,49649.71
6340,49649.71
6341,49649.71
6342,49649.71
6343,49649.71
6344,49649.72
6345,49649.72
6346,49649.72
6347,49649.72
6348,49649.72
6349,49649.73
6350,49649.73
6351,49649.73
6352,49649.73
6353,49649.73
6354,49649.74
6355,49649.74
6356,49649.74
6357,49649.74
6358,49649.74
6359,49649.75
6360,49649.75
6361,49649.75
6362,49649.75
6363,49649.75
6364,49649.76
6365,49649.76
6366,49649.76
6367,49649.76
6368,49649.76
6369,49649.77
6370,49649.77
6371,49649.77
6372,49649.77
6373,49649.77
6374,49649.78
6375,49649.78
6376,49649.78
6377,49649.78
6378,49649.78
6379,49649.79
6380,49649.79
6381,49649.79
6382,49649.79
6383,49649.79
6384,49649.8
6385,49649.8
6386,49649.8
6387,49649.8
6388,49649.8
6389,49649.8
6390,49649.81
6391,49649.81
6392,49649.81
6393,49649.81
6394,49649.81
6395,49649.82
6396,49649.82
6397,49649.82
6398,49649.82
6399,49649.82
6400,49649.83
6401,49649.83
6402,49649.83
6403,49649.83
6404,49649.83
6405,49649.84
6406,49649.84
6407,49649.84
6408,49649.84
6409,49649.84
6410,49649.85
6411,49649.85
6412,49649.85
6413,49649.85
6414,49649.85
6415,49649.86
6416,49649.86
6417,49649.86
6418,49649.86
6419,49649.86
6420,49649.87
6421,49649.87
6422,49649.87
6423,49649.87
6424,49649.87
6425,49649.88
6426,49649.88
6427,49649.88
6428,49649.88
6429,49649.88
6430,49649.89
6431,49649.89
6432,49649.89
6433,49649.89
6434,49649.89
6435,49649.9
6436,49649.9
6437,49649.9
6438,49649.9
6439,49649.9
6440,49649.91
6441,49649.91
6442,49649.91
6443,49649.91
6444,49649.91
6445,49649.92
6446,49649.92
6447,49649.92
6448,49649.92
6449,49649.92
6450,49649.93
6451,49649.93
6452,49649.93
6453,49649.93
6454,49649.93
6455,49649.94
6456,49649.94
6457,49649.94
6458,49649.94
6459,49649.94
6460,49649.95
6461,49649.95
6462,49649.95
6463,49649.95
6464,49649.95
6465,49649.96
6466,49649.96
6467,49649.96
6468,49649.96
6469,49649.97
6470,49649.97
6471,49649.97
6472,49649.97
6473,49649.97
6474,49649.97
6475,49649.98
6476,49649.98
6477,49649.98
6478,49649.98
6479,49649.98
6480,49649.99
6481,49649.99
6482,49649.99
6483,49649.99
6484,49649.99
6485,49650.0
6486,49650.0
6487,49650.0
6488,49650.0
6489,49650.0
6490,49650.01
6491,49650.01
6492,49650.01
6493,49650.01
6494,49650.01
6495,49650.02
6496,49650.02
6497,49650.02
6498,49650.02
6499,49650.02
6500,49650.03
6501,49650.03
6502,49650.03
6503,49650.03
6504,49650.03
6505,49650.04
6506,49650.04
6507,49650.04
6508,49650.04
6509,49650.04
6510,49650.05
6511,49650.05
6512,49650.05
6513,49650.05
6514,49650.05
6515,49650.06
6516,49650.06
6517,49650.06
6518,49650.06
6519,49650.06
6520,49650.07
6521,49650.07
6522,49650.07
6523,49650.07
6524,49650.07
6525,49650.08
6526,49650.08
6527,49650.08
6528,49650.08
6529,49650.08
6530,49650.09
6531,49650.09
6532,49650.09
6533,49650.09
6534,49650.09
6535,49650.1
6536,49650.1
6537,49650.1
6538,49650.1
6539,49650.1
6540,49650.11
6541,49650.11
6542,49650.11
6543,49650.11
6544,49650.11
6545,49650.12
6546,49650.12
6547,49650.12
6548,49650.12
6549,49650.12
6550,49650.13
6551,49650.13
6552,49650.13
6553,49650.13
6554,49650.13
6555,49650.13
6556,49650.14
6557,49650.14
6558,49650.14
6559,49650.14
6560,49650.14
6561,49650.15
6562,49650.15
6563,49650.15
6564,49650.15
6565,49650.15
6566,49650.16
6567,49650.16
6568,49650.16
6569,49650.16
6570,49650.16
6571,49650.17
6572,49650.17
6573,49650.17
6574,49650.17
6575,49650.17
6576,49650.18
6577,49650.18
6578,49650.18
6579,49650.18
6580,49650.18
6581,49650.19
6582,49650.19
6583,49650.19
6584,49650.19
6585,49650.2
6586,49650.2
6587,49650.2
6588,49650.2
6589,49650.2
6590,49650.21
6591,49650.21
6592,49650.21
6593,49650.21
6594,49650.21
6595,49650.22
6596,49650.22
6597,49650.22
6598,49650.22
6599,49650.22
6600,49650.23
6601,49650.23
6602,49650.23
6603,49650.23
6604,49650.23
6605,49650.24
6606,49650.24
6607,49650.24
6608,49650.24
6609,49650.24
6610,49650.25
6611,49650.25
6612,49650.25
6613,49650.25
6614,49650.25
6615,49650.26
6616,49650.26
6617,49650.26
6618,49650.26
6619,49650.26
6620,49650.27
6621,49650.27
6622,49650.27
6623,49650.27
6624,49650.27
6625,49650.28
6626,49650.28
6627,49650.28
6628,49650.28
6629,49650.28
6630,49650.29
6631,49650.29
6632,49650.29
6633,49650.29
6634,49650.29
6635,49650.3
6636,49650.3
6637,49650.3
6638,49650.3
6639,49650.3
6640,49650.3
6641,49650.31
6642,49650.31
6643,49650.31
6644,49650.31
6645,49650.31
6646,49650.32
6647,49650.32
6648,49650.32
6649,49650.32
6650,49650.32
6651,49650.33
6652,49650.33
6653,49650.33
6654,49650.33
6655,49650.33
6656,49650.34
6657,49650.34
6658,49650.34
6659,49650.34
6660,49650.34
6661,49650.35
6662,49650.35
6663,49650.35
6664,49650.35
6665,49650.35
6666,49650.36
6667,49650.36
6668,49650.36
6669,49650.36
6670,49650.36
6671,49650.37
6672,49650.37
6673,49650.37
6674,49650.37
6675,49650.37
6676,49650.38
6677,49650.38
6678,49650.38
6679,49650.38
6680,49650.38
6681,49650.39
6682,49650.39
6683,49650.39
6684,49650.39
6685,49650.39
6686,49650.4
6687,49650.4
6688,49650.4
6689,49650.4
6690,49650.4
6691,49650.41
6692,49650.41
6693,49650.41
6694,49650.41
6695,49650.41
6696,49650.42
6697,49650.42
6698,49650.42
6699,49650.42
6700,49650.42
6701,49650.43
6702,49650.43
6703,49650.43
6704,49650.43
6705,49650.43
6706,49650.44
6707,49650.44
6708,49650.44
6709,49650.44
6710,49650.44
6711,49650.45
6712,49650.45
6713,49650.45
6714,49650.45
6715,49650.45
6716,49650.46
6717,49650.46
6718,49650.46
6719,49650.46
6720,49650.46
6721,49650.47
6722,49650.47
6723,49650.47
6724,49650.47
6725,49650.47
6726,49650.47
6727,49650.48
6728,49650.48
6729,49650.48
6730,49650.48
6731,49650.48
6732,49650.49
6733,49650.49
6734,49650.49
6735,49650.49
6736,49650.49
6737,49650.5
6738,49650.5
6739,49650.5
6740,49650.5
6741,49650.5
6742,49650.51
6743,49650.51
6744,49650.51
6745,49650.51
6746,49650.51
6747,49650.52
6748,49650.52
6749,49650.52
6750,49650.52
6751,49650.52
6752,49650.53
6753,49650.53
6754,49650.53
6755,49650.53
6756,49650.53
6757,49650.54
6758,49650.54
6759,49650.54
6760,49650.54
6761,49650.54
6762,49650.55
6763,49650.55
6764,49650.55
6765,49650.55
6766,49650.55
6767,49650.56
6768,49650.56
6769,49650.56
6770,49650.56
6771,49650.56
6772,49650.57
6773,49650.57
6774,49650.57
6775,49650.57
6776,49650.57
6777,49650.58
6778,49650.58
6779,49650.58
6780,49650.58
6781,49650.58
6782,49650.59
6783,49650.59
6784,49650.59
6785,49650.59
6786,49650.59
6787,49650.6
6788,49650.6
6789,49650.6
6790,49650.6
6791,49650.6
6792,49650.61
6793,49650.61
6794,49650.61
6795,49650.61
6796,49650.61
6797,49650.62
6798,49650.62
6799,49650.62
6800,49650.62
6801,49650.62
6802,49650.63
6803,49650.63
6804,49650.63
6805,49650.63
6806,49650.63
6807,49650.64
6808,49650.64
6809,49650.64
6810,49650.64
6811,49650.64
6812,49650.65
6813,49650.65
6814,49650.65
6815,49650.65
6816,49650.65
6817,49650.66
6818,49650.66
6819,49650.66
6820,49650.66
6821,49650.66
6822,49650.67
6823,49650.67
6824,49650.67
6825,49650.67
6826,49650.67
6827,49650.68
6828,49650.68
6829,49650.68
6830,49650.68
6831,49650.68
6832,49650.69
6833,49650.69
6834,49650.69
6835,49650.69
6836,49650.69
6837,49650.7
6838,49650.7
6839,49650.7
6840,49650.7
6841,49650.7
6842,49650.71
6843,49650.71
6844,49650.71
6845,49650.71
6846,49650.71
6847,49650.72
6848,49650.72
6849,49650.72
6850,49650.72
6851,49650.72
6852,49650.73
6853,49650.73
6854,49650.73
6855,49650.73
6856,49650.73
6857,49650.74
6858,49650.74
6859,49650.74
6860,49650.74
6861,49650.74
6862,49650.75
6863,49650.75
6864,49650.75
6865,49650.75
6866,49650.75
6867,49650.76
6868,49650.76
6869,49650.76
6870,49650.76
6871,49650.76
6872,49650.77
6873,49650.77
6874,49650.77
6875,49650.77
6876,49650.77
6877,49650.78
6878,49650.78
6879,49650.78
6880,49650.78
6881,49650.78
6882,49650.79
6883,49650.79
6884,49650.79
6885,49650.79
6886,49650.79
6887,49650.8
6888,49650.8
6889,49650.8
6890,49650.8
6891,49650.8
6892,49650.8
6893,49650.81
6894,49650.81
6895,49650.81
6896,49650.81
6897,49650.81
6898,49650.82
6899,49650.82
6900,49650.82
6901,49650.82
6902,49650.82
6903,49650.83
6904,49650.83
6905,49650.83
6906,49650.83
6907,49650.83
6908,49650.84
6909,49650.84
6910,49650.84
6911,49650.84
6912,49650.84
6913,49650.85
6914,49650.85
6915,49650.85
6916,49650.85
6917,49650.85
6918,49650.86
6919,49650.86
6920,49650.86
6921,49650.86
6922,49650.86
6923,49650.87
6924,49650.87
6925,49650.87
6926,49650.87
6927,49650.87
6928,49650.88
6929,49650.88
6930,49650.88
6931,49650.88
6932,49650.88
6933,49650.89
6934,49650.89
6935,49650.89
6936,49650.89
6937,49650.89
6938,49650.9
6939,49650.9
6940,49650.9
6941,49650.9
6942,49650.9
6943,49650.91
6944,49650.91
6945,49650.91
6946,49650.91
6947,49650.91
6948,49650.92
6949,49650.92
6950,49650.92
6951,49650.92
6952,49650.92
6953,49650.93
6954,49650.93
6955,49650.93
6956,49650.93
6957,49650.93
6958,49650.94
6959,49650.94
6960,49650.94
6961,49650.94
6962,49650.94
6963,49650.95
6964,49650.95
6965,49650.95
6966,49650.95
6967,49650.95
6968,49650.96
6969,49650.96
6970,49650.96
6971,49650.96
6972,49650.96
6973,49650.97
6974,49650.97
6975,49650.97
6976,49650.97
6977,49650.97
6978,49650.98
6979,49650.98
6980,49650.98
6981,49650.98
6982,49650.98
6983,49650.99
6984,49650.99
6985,49650.99
6986,49650.99
6987,49650.99
6988,49651.0
6989,49651.0
6990,49651.0
6991,49651.0
6992,49651.0
6993,49651.01
6994,49651.01
6995,49651.01
6996,49651.01
6997,49651.01
6998,49651.02
6999,49651.02
7000,49651.02
7001,49651.02
7002,49651.02
7003,49651.03
7004,49651.03
7005,49651.03
7006,49651.03
7007,49651.03
7008,49651.04
7009,49651.04
7010,49651.04
7011,49651.04
7012,49651.04
7013,49651.05
7014,49651.05
7015,49651.05
7016,49651.05
7017,49651.05
7018,49651.06
7019,49651.06
7020,49651.06
7021,49651.06
7022,49651.06
7023,49651.07
7024,49651.07
7025,49651.07
7026,49651.07
7027,49651.07
7028,49651.08
7029,49651.08
7030,49651.08
7031,49651.08
7032,49651.08
7033,49651.09
7034,49651.09
7035,49651.09
7036,49651.09
7037,49651.09
7038,49651.1
7039,49651.1
7040,49651.1
7041,49651.1
7042,49651.1
7043,49651.11
7044,49651.11
7045,49651.11
7046,49651.11
7047,49651.11
7048,49651.12
7049,49651.12
7050,49651.12
7051,49651.12
7052,49651.12
7053,49651.13
7054,49651.13
7055,49651.13
7056,49651.13
7057,49651.13
7058,49651.14
7059,49651.14
7060,49651.14
7061,49651.14
7062,49651.14
7063,49651.14
7064,49651.15
7065,49651.15
7066,49651.15
7067,49651.15
7068,49651.15
7069,49651.16
7070,49651.16
7071,49651.16
7072,49651.16
7073,49651.16
7074,49651.17
7075,49651.17
7076,49651.17
7077,49651.17
7078,49651.17
7079,49651.18
7080,49651.18
7081,49651.18
7082,49651.18
7083,49651.18
7084,49651.19
7085,49651.19
7086,49651.19
7087,49651.19
7088,49651.19
7089,49651.2
7090,49651.2
7091,49651.2
7092,49651.2
7093,49651.2
7094,49651.21
7095,49651.21
7096,49651.21
7097,49651.21
7098,49651.21
7099,49651.22
7100,49651.22
7101,49651.22
7102,49651.22
7103,49651.22
7104,49651.23
7105,49651.23
7106,49651.23
7107,49651.23
7108,49651.23
7109,49651.24
7110,49651.24
7111,49651.24
7112,49651.24
7113,49651.24
7114,49651.25
7115,49651.25
7116,49651.25
7117,49651.25
7118,49651.25
7119,49651.26
7120,49651.26
7121,49651.26
7122,49651.26
7123,49651.26
7124,49651.27
7125,49651.27
7126,49651.27
7127,49651.27
7128,49651.27
7129,49651.28
7130,49651.28
7131,49651.28
7132,49651.28
7133,49651.29
7134,49651.29
7135,49651.29
7136,49651.29
7137,49651.29
7138,49651.3
7139,49651.3
7140,49651.3
7141,49651.3
7142,49651.3
7143,49651.3
7144,49651.31
7145,49651.31
7146,49651.31
7147,49651.31
7148,49651.31
7149,49651.32
7150,49651.32
7151,49651.32
7152,49651.32
7153,49651.32
7154,49651.33
7155,49651.33
7156,49651.33
7157,49651.33
7158,49651.33
7159,49651.34
7160,49651.34
7161,49651.34
7162,49651.34
7163,49651.34
7164,49651.35
7165,49651.35
7166,49651.35
7167,49651.35
7168,49651.35
7169,49651.36
7170,49651.36
7171,49651.36
7172,49651.36
7173,49651.36
7174,49651.37
7175,49651.37
7176,49651.37
7177,49651.37
7178,49651.37
7179,49651.38
7180,49651.38
7181,49651.38
7182,49651.38
7183,49651.38
7184,49651.39
7185,49651.39
7186,49651.39
7187,49651.39
7188,49651.39
7189,49651.4
7190,49651.4
7191,49651.4
7192,49651.4
7193,49651.4
7194,49651.41
7195,49651.41
7196,49651.41
7197,49651.41
7198,49651.41
7199,49651.42
7200,49651.42
7201,49651.42
7202,49651.42
7203,49651.42
7204,49651.43
7205,49651.43
7206,49651.43
7207,49651.43
7208,49651.43
7209,49651.44
7210,49651.44
7211,49651.44
7212,49651.44
7213,49651.44
7214,49651.45
7215,49651.45
7216,49651.45
7217,49651.45
7218,49651.45
7219,49651.46
7220,49651.46
7221,49651.46
7222,49651.46
7223,49651.46
7224,49651.47
7225,49651.47
7226,49651.47
7227,49651.47
7228,49651.47
7229,49651.47
7230,49651.48
7231,49651.48
7232,49651.48
7233,49651.48
7234,49651.48
7235,49651.49
7236,49651.49
7237,49651.49
7238,49651.49
7239,49651.49
7240,49651.5
7241,49651.5
7242,49651.5
7243,49651.5
7244,49651.5
7245,49651.51
7246,49651.51
7247,49651.51
7248,49651.51
7249,49651.51
7250,49651.52
7251,49651.52
7252,49651.52
7253,49651.52
7254,49651.52
7255,49651.53
7256,49651.53
7257,49651.53
7258,49651.53
7259,49651.53
7260,49651.54
7261,49651.54
7262,49651.54
7263,49651.54
7264,49651.54
7265,49651.55
7266,49651.55
7267,49651.55
7268,49651.55
7269,49651.55
7270,49651.56
7271,49651.56
7272,49651.56
7273,49651.56
7274,49651.56
7275,49651.57
7276,49651.57
7277,49651.57
7278,49651.57
7279,49651.57
7280,49651.58
7281,49651.58
7282,49651.58
7283,49651.58
7284,49651.58
7285,49651.59
7286,49651.59
7287,49651.59
7288,49651.59
7289,49651.59
7290,49651.6
7291,49651.6
7292,49651.6
7293,49651.6
7294,49651.6
7295,49651.61
7296,49651.61
7297,49651.61
7298,49651.61
7299,49651.61
7300,49651.62
7301,49651.62
7302,49651.62
7303,49651.62
7304,49651.62
7305,49651.63
7306,49651.63
7307,49651.63
7308,49651.63
7309,49651.63
7310,49651.64
7311,49651.64
7312,49651.64
7313,49651.64
7314,49651.64
7315,49651.64
7316,49651.65
7317,49651.65
7318,49651.65
7319,49651.65
7320,49651.65
7321,49651.66
7322,49651.66
7323,49651.66
7324,49651.66
7325,49651.66
7326,49651.67
7327,49651.67
7328,49651.67
7329,49651.67
7330,49651.67
7331,49651.68
7332,49651.68
7333,49651.68
7334,49651.68
7335,49651.68
7336,49651.69
7337,49651.69
7338,49651.69
7339,49651.69
7340,49651.69
7341,49651.7
7342,49651.7
7343,49651.7
7344,49651.7
7345,49651.7
7346,49651.71
7347,49651.71
7348,49651.71
7349,49651.71
7350,49651.71
7351,49651.72
7352,49651.72
7353,49651.72
7354,49651.72
7355,49651.72
7356,49651.73
7357,49651.73
7358,49651.73
7359,49651.73
7360,49651.73
7361,49651.74
7362,49651.74
7363,49651.74
7364,49651.74
7365,49651.74
7366,49651.75
7367,49651.75
7368,49651.75
7369,49651.75
7370,49651.75
7371,49651.76
7372,49651.76
7373,49651.76
7374,49651.76
7375,49651.76
7376,49651.77
7377,49651.77
7378,49651.77
7379,49651.77
7380,49651.77
7381,49651.78
7382,49651.78
7383,49651.78
7384,49651.78
7385,49651.78
7386,49651.79
7387,49651.79
7388,49651.79
7389,49651.79
7390,49651.79
7391,49651.8
7392,49651.8
7393,49651.8
7394,49651.8
7395,49651.8
7396,49651.8
7397,49651.81
7398,49651.81
7399,49651.81
7400,49651.81
7401,49651.81
7402,49651.82
7403,49651.82
7404,49651.82
7405,49651.82
7406,49651.83
7407,49651.83
7408,49651.83
7409,49651.83
7410,49651.83
7411,49651.84
7412,49651.84
7413,49651.84
7414,49651.84
7415,49651.84
7416,49651.85
7417,49651.85
7418,49651.85
7419,49651.85
7420,49651.85
7421,49651.86
7422,49651.86
7423,49651.86
7424,49651.86
7425,49651.86
7426,49651.87
7427,49651.87
7428,49651.87
7429,49651.87
7430,49651.87
7431,49651.88
7432,49651.88
7433,49651.88
7434,49651.88
7435,49651.88
7436,49651.89
7437,49651.89
7438,49651.89
7439,49651.89
7440,49651.89
7441,49651.9
7442,49651.9
7443,49651.9
7444,49651.9
7445,49651.9
7446,49651.91
7447,49651.91
7448,49651.91
7449,49651.91
7450,49651.91
7451,49651.92
7452,49651.92
7453,49651.92
7454,49651.92
7455,49651.92
7456,49651.93
7457,49651.93
7458,49651.93
7459,49651.93
7460,49651.93
7461,49651.94
7462,49651.94
7463,49651.94
7464,49651.94
7465,49651.94
7466,49651.95
7467,49651.95
7468,49651.95
7469,49651.95
7470,49651.95
7471,49651.96
7472,49651.96
7473,49651.96
7474,49651.96
7475,49651.96
7476,49651.97
7477,49651.97
7478,49651.97
7479,49651.97
7480,49651.97
7481,49651.97
7482,49651.98
7483,49651.98
7484,49651.98
7485,49651.98
7486,49651.98
7487,49651.99
7488,49651.99
7489,49651.99
7490,49651.99
7491,49651.99
7492,49652.0
7493,49652.0
7494,49652.0
7495,49652.0
7496,49652.0
7497,49652.01
7498,49652.01
7499,49652.01
7500,49652.01
7501,49652.01
7502,49652.02
7503,49652.02
7504,49652.02
7505,49652.02
7506,49652.02
7507,49652.03
7508,49652.03
7509,49652.03
7510,49652.03
7511,49652.03
7512,49652.04
7513,49652.04
7514,49652.04
7515,49652.04
7516,49652.04
7517,49652.05
7518,49652.05
7519,49652.05
7520,49652.05
7521,49652.05
7522,49652.06
7523,49652.06
7524,49652.06
7525,49652.06
7526,49652.06
7527,49652.07
7528,49652.07
7529,49652.07
7530,49652.07
7531,49652.07
7532,49652.08
7533,49652.08
7534,49652.08
7535,49652.08
7536,49652.08
7537,49652.09
7538,49652.09
7539,49652.09
7540,49652.09
7541,49652.09
7542,49652.1
7543,49652.1
7544,49652.1
7545,49652.1
7546,49652.1
7547,49652.11
7548,49652.11
7549,49652.11
7550,49652.11
7551,49652.12
7552,49652.12
7553,49652.12
7554,49652.12
7555,49652.12
7556,49652.13
7557,49652.13
7558,49652.13
7559,49652.13
7560,49652.13
7561,49652.14
7562,49652.14
7563,49652.14
7564,49652.14
7565,49652.14
7566,49652.14
7567,49652.15
7568,49652.15
7569,49652.15
7570,49652.15
7571,49652.15
7572,49652.16
7573,49652.16
7574,49652.16
7575,49652.16
7576,49652.16
7577,49652.17
7578,49652.17
7579,49652.17
7580,49652.17
7581,49652.17
7582,49652.18
7583,49652.18
7584,49652.18
7585,49652.18
7586,49652.18
7587,49652.19
7588,49652.19
7589,49652.19
7590,49652.19
7591,49652.19
7592,49652.2
7593,49652.2
7594,49652.2
7595,49652.2
7596,49652.2
7597,49652.21
7598,49652.21
7599,49652.21
7600,49652.21
7601,49652.21
7602,49652.22
7603,49652.22
7604,49652.22
7605,49652.22
7606,49652.22
7607,49652.23
7608,49652.23
7609,49652.23
7610,49652.23
7611,49652.23
7612,49652.24
7613,49652.24
7614,49652.24
7615,49652.24
7616,49652.24
7617,49652.25
7618,49652.25
7619,49652.25
7620,49652.25
7621,49652.25
7622,49652.26
7623,49652.26
7624,49652.26
7625,49652.26
7626,49652.26
7627,49652.27
7628,49652.27
7629,49652.27
7630,49652.27
7631,49652.27
7632,49652.28
7633,49652.28
7634,49652.28
7635,49652.28
7636,49652.28
7637,49652.29
7638,49652.29
7639,49652.29
7640,49652.29
7641,49652.29
7642,49652.3
7643,49652.3
7644,49652.3
7645,49652.3
7646,49652.3
7647,49652.3
7648,49652.31
7649,49652.31
7650,49652.31
7651,49652.31
7652,49652.31
7653,49652.32
7654,49652.32
7655,49652.32
7656,49652.32
7657,49652.32
7658,49652.33
7659,49652.33
7660,49652.33
7661,49652.33
7662,49652.33
7663,49652.34
7664,49652.34
7665,49652.34
7666,49652.34
7667,49652.34
7668,49652.35
7669,49652.35
7670,49652.35
7671,49652.35
7672,49652.36
7673,49652.36
7674,49652.36
7675,49652.36
7676,49652.36
7677,49652.37
7678,49652.37
7679,49652.37
7680,49652.37
7681,49652.37
7682,49652.38
7683,49652.38
7684,49652.38
7685,49652.38
7686,49652.38
7687,49652.39
7688,49652.39
7689,49652.39
7690,49652.39
7691,49652.39
7692,49652.4
7693,49652.4
7694,49652.4
7695,49652.4
7696,49652.4
7697,49652.41
7698,49652.41
7699,49652.41
7700,49652.41
7701,49652.41
7702,49652.42
7703,49652.42
7704,49652.42
7705,49652.42
7706,49652.42
7707,49652.43
7708,49652.43
7709,49652.43
7710,49652.43
7711,49652.43
7712,49652.44
7713,49652.44
7714,49652.44
7715,49652.44
7716,49652.44
7717,49652.45
7718,49652.45
7719,49652.45
7720,49652.45
7721,49652.45
7722,49652.46
7723,49652.46
7724,49652.46
7725,49652.46
7726,49652.46
7727,49652.47
7728,49652.47
7729,49652.47
7730,49652.47
7731,49652.47
7732,49652.47
7733,49652.48
7734,49652.48
7735,49652.48
7736,49652.48
7737,49652.48
7738,49652.49
7739,49652.49
7740,49652.49
7741,49652.49
7742,49652.49
7743,49652.5
7744,49652.5
7745,49652.5
7746,49652.5
7747,49652.5
7748,49652.51
7749,49652.51
7750,49652.51
7751,49652.51
7752,49652.51
7753,49652.52
7754,49652.52
7755,49652.52
7756,49652.52
7757,49652.52
7758,49652.53
7759,49652.53
7760,49652.53
7761,49652.53
7762,49652.53
7763,49652.54
7764,49652.54
7765,49652.54
7766,49652.54
7767,49652.54
7768,49652.55
7769,49652.55
7770,49652.55
7771,49652.55
7772,49652.55
7773,49652.56
7774,49652.56
7775,49652.56
7776,49652.56
7777,49652.56
7778,49652.57
7779,49652.57
7780,49652.57
7781,49652.57
7782,49652.57
7783,49652.58
7784,49652.58
7785,49652.58
7786,49652.58
7787,49652.58
7788,49652.59
7789,49652.59
7790,49652.59
7791,49652.59
7792,49652.59
7793,49652.6
7794,49652.6
7795,49652.6
7796,49652.6
7797,49652.6
7798,49652.61
7799,49652.61
7800,49652.61
7801,49652.61
7802,49652.61
7803,49652.62
7804,49652.62
7805,49652.62
7806,49652.62
7807,49652.62
7808,49652.63
7809,49652.63
7810,49652.63
7811,49652.63
7812,49652.63
7813,49652.64
7814,49652.64
7815,49652.64
7816,49652.64
7817,49652.64
7818,49652.64
7819,49652.65
7820,49652.65
7821,49652.65
7822,49652.65
7823,49652.65
7824,49652.66
7825,49652.66
7826,49652.66
7827,49652.66
7828,49652.66
7829,49652.67
7830,49652.67
7831,49652.67
7832,49652.67
7833,49652.67
7834,49652.68
7835,49652.68
7836,49652.68
7837,49652.68
7838,49652.68
7839,49652.69
7840,49652.69
7841,49652.69
7842,49652.69
7843,49652.69
7844,49652.7
7845,49652.7
7846,49652.7
7847,49652.7
7848,49652.7
7849,49652.71
7850,49652.71
7851,49652.71
7852,49652.71
7853,49652.71
7854,49652.72
7855,49652.72
7856,49652.72
7857,49652.72
7858,49652.72
7859,49652.73
7860,49652.73
7861,49652.73
7862,49652.73
7863,49652.73
7864,49652.74
7865,49652.74
7866,49652.74
7867,49652.74
7868,49652.74
7869,49652.75
7870,49652.75
7871,49652.75
7872,49652.75
7873,49652.75
7874,49652.76
7875,49652.76
7876,49652.76
7877,49652.76
7878,49652.76
7879,49652.77
7880,49652.77
7881,49652.77
7882,49652.77
7883,49652.77
7884,49652.78
7885,49652.78
7886,49652.78
7887,49652.78
7888,49652.78
7889,49652.79
7890,49652.79
7891,49652.79
7892,49652.79
7893,49652.79
7894,49652.8
7895,49652.8
7896,49652.8
7897,49652.8
7898,49652.8
7899,49652.81
7900,49652.81
7901,49652.81
7902,49652.81
7903,49652.81
7904,49652.82
7905,49652.82
7906,49652.82
7907,49652.82
7908,49652.82
7909,49652.83
7910,49652.83
7911,49652.83
7912,49652.83
7913,49652.83
7914,49652.84
7915,49652.84
7916,49652.84
7917,49652.84
7918,49652.84
7919,49652.85
7920,49652.85
7921,49652.85
7922,49652.85
7923,49652.85
7924,49652.86
7925,49652.86
7926,49652.86
7927,49652.86
7928,49652.86
7929,49652.87
7930,49652.87
7931,49652.87
7932,49652.87
7933,49652.87
7934,49652.88
7935,49652.88
7936,49652.88
7937,49652.88
7938,49652.88
7939,49652.89
7940,49652.89
7941,49652.89
7942,49652.89
7943,49652.89
7944,49652.9
7945,49652.9
7946,49652.9
7947,49652.9
7948,49652.9
7949,49652.91
7950,49652.91
7951,49652.91
7952,49652.91
7953,49652.91
7954,49652.92
7955,49652.92
7956,49652.92
7957,49652.92
7958,49652.92
7959,49652.93
7960,49652.93
7961,49652.93
7962,49652.93
7963,49652.93
7964,49652.94
7965,49652.94
7966,49652.94
7967,49652.94
7968,49652.94
7969,49652.95
7970,49652.95
7971,49652.95
7972,49652.95
7973,49652.95
7974,49652.96
7975,49652.96
7976,49652.96
7977,49652.96
7978,49652.96
7979,49652.97
7980,49652.97
7981,49652.97
7982,49652.97
7983,49652.97
7984,49652.97
7985,49652.98
7986,49652.98
7987,49652.98
7988,49652.98
7989,49652.98
7990,49652.99
7991,49652.99
7992,49652.99
7993,49652.99
7994,49652.99
7995,49653.0
7996,49653.0
7997,49653.0
7998,49653.0
7999,49653.0
8000,49653.01
8001,49653.01
8002,49653.01
8003,49653.01
8004,49653.01
8005,49653.02
8006,49653.02
8007,49653.02
8008,49653.02
8009,49653.02
8010,49653.03
8011,49653.03
8012,49653.03
8013,49653.03
8014,49653.03
8015,49653.04
8016,49653.04
8017,49653.04
8018,49653.04
8019,49653.04
8020,49653.05
8021,49653.05
8022,49653.05
8023,49653.05
8024,49653.05
8025,49653.06
8026,49653.06
8027,49653.06
8028,49653.06
8029,49653.06
8030,49653.07
8031,49653.07
8032,49653.07
8033,49653.07
8034,49653.07
8035,49653.08
8036,49653.08
8037,49653.08
8038,49653.08
8039,49653.08
8040,49653.09
8041,49653.09
8042,49653.09
8043,49653.09
8044,49653.09
8045,49653.1
8046,49653.1
8047,49653.1
8048,49653.1
8049,49653.1
8050,49653.11
8051,49653.11
8052,49653.11
8053,49653.11
8054,49653.11
8055,49653.12
8056,49653.12
8057,49653.12
8058,49653.12
8059,49653.12
8060,49653.13
8061,49653.13
8062,49653.13
8063,49653.13
8064,49653.13
8065,49653.14
8066,49653.14
8067,49653.14
8068,49653.14
8069,49653.14
8070,49653.14
8071,49653.15
8072,49653.15
8073,49653.15
8074,49653.15
8075,49653.15
8076,49653.16
8077,49653.16
8078,49653.16
8079,49653.16
8080,49653.16
8081,49653.17
8082,49653.17
8083,49653.17
8084,49653.17
8085,49653.17
8086,49653.18
8087,49653.18
8088,49653.18
8089,49653.18
8090,49653.18
8091,49653.19
8092,49653.19
8093,49653.19
8094,49653.19
8095,49653.19
8096,49653.2
8097,49653.2
8098,49653.2
8099,49653.2
8100,49653.2
8101,49653.21
8102,49653.21
8103,49653.21
8104,49653.21
8105,49653.22
8106,49653.22
8107,49653.22
8108,49653.22
8109,49653.22
8110,49653.23
8111,49653.23
8112,49653.23
8113,49653.23
8114,49653.23
8115,49653.24
8116,49653.24
8117,49653.24
8118,49653.24
8119,49653.24
8120,49653.25
8121,49653.25
8122,49653.25
8123,49653.25
8124,49653.25
8125,49653.26
8126,49653.26
8127,49653.26
8128,49653.26
8129,49653.26
8130,49653.27
8131,49653.27
8132,49653.27
8133,49653.27
8134,49653.27
8135,49653.28
8136,49653.28
8137,49653.28
8138,49653.28
8139,49653.28
8140,49653.29
8141,49653.29
8142,49653.29
8143,49653.29
8144,49653.29
8145,49653.3
8146,49653.3
8147,49653.3
8148,49653.3
8149,49653.3
8150,49653.31
8151,49653.31
8152,49653.31
8153,49653.31
8154,49653.31
8155,49653.31
8156,49653.32
8157,49653.32
8158,49653.32
8159,49653.32
8160,49653.32
8161,49653.33
8162,49653.33
8163,49653.33
8164,49653.33
8165,49653.33
8166,49653.34
8167,49653.34
8168,49653.34
8169,49653.34
8170,49653.34
8171,49653.35
8172,49653.35
8173,49653.35
8174,49653.35
8175,49653.35
8176,49653.36
8177,49653.36
8178,49653.36
8179,49653.36
8180,49653.36
8181,49653.37
8182,49653.37
8183,49653.37
8184,49653.37
8185,49653.37
8186,49653.38
8187,49653.38
8188,49653.38
8189,49653.38
8190,49653.38
8191,49653.39
8192,49653.39
8193,49653.39
8194,49653.39
8195,49653.39
8196,49653.4
8197,49653.4
8198,49653.4
8199,49653.4
8200,49653.4
8201,49653.41
8202,49653.41
8203,49653.41
8204,49653.41
8205,49653.41
8206,49653.42
8207,49653.42
8208,49653.42
8209,49653.42
8210,49653.42
8211,49653.43
8212,49653.43
8213,49653.43
8214,49653.43
8215,49653.43
8216,49653.44
8217,49653.44
8218,49653.44
8219,49653.44
8220,49653.44
8221,49653.45
8222,49653.45
8223,49653.45
8224,49653.45
8225,49653.45
8226,49653.46
8227,49653.46
8228,49653.46
8229,49653.46
8230,49653.46
8231,49653.47
8232,49653.47
8233,49653.47
8234,49653.47
8235,49653.47
8236,49653.47
8237,49653.48
8238,49653.48
8239,49653.48
8240,49653.48
8241,49653.48
8242,49653.49
8243,49653.49
8244,49653.49
8245,49653.49
8246,49653.49
8247,49653.5
8248,49653.5
8249,49653.5
8250,49653.5
8251,49653.5
8252,49653.51
8253,49653.51
8254,49653.51
8255,49653.51
8256,49653.51
8257,49653.52
8258,49653.52
8259,49653.52
8260,49653.52
8261,49653.53
8262,49653.53
8263,49653.53
8264,49653.53
8265,49653.53
8266,49653.54
8267,49653.54
8268,49653.54
8269,49653.54
8270,49653.54
8271,49653.55
8272,49653.55
8273,49653.55
8274,49653.55
8275,49653.55
8276,49653.56
8277,49653.56
8278,49653.56
8279,49653.56
8280,49653.56
8281,49653.57
8282,49653.57
8283,49653.57
8284,49653.57
8285,49653.57
8286,49653.58
8287,49653.58
8288,49653.58
8289,49653.58
8290,49653.58
8291,49653.59
8292,49653.59
8293,49653.59
8294,49653.59
8295,49653.59
8296,49653.6
8297,49653.6
8298,49653.6
8299,49653.6
8300,49653.6
8301,49653.61
8302,49653.61
8303,49653.61
8304,49653.61
8305,49653.61
8306,49653.62
8307,49653.62
8308,49653.62
8309,49653.62
8310,49653.62
8311,49653.63
8312,49653.63
8313,49653.63
8314,49653.63
8315,49653.63
8316,49653.64
8317,49653.64
8318,49653.64
8319,49653.64
8320,49653.64
8321,49653.64
8322,49653.65
8323,49653.65
8324,49653.65
8325,49653.65
8326,49653.65
8327,49653.66
8328,49653.66
8329,49653.66
8330,49653.66
8331,49653.66
8332,49653.67
8333,49653.67
8334,49653.67
8335,49653.67
8336,49653.67
8337,49653.68
8338,49653.68
8339,49653.68
8340,49653.68
8341,49653.68
8342,49653.69
8343,49653.69
8344,49653.69
8345,49653.69
8346,49653.69
8347,49653.7
8348,49653.7
8349,49653.7
8350,49653.7
8351,49653.7
8352,49653.71
8353,49653.71
8354,49653.71
8355,49653.71
8356,49653.71
8357,49653.72
8358,49653.72
8359,49653.72
8360,49653.72
8361,49653.72
8362,49653.73
8363,49653.73
8364,49653.73
8365,49653.73
8366,49653.73
8367,49653.74
8368,49653.74
8369,49653.74
8370,49653.74
8371,49653.74
8372,49653.75
8373,49653.75
8374,49653.75
8375,49653.75
8376,49653.75
8377,49653.76
8378,49653.76
8379,49653.76
8380,49653.76
8381,49653.76
8382,49653.77
8383,49653.77
8384,49653.77
8385,49653.77
8386,49653.77
8387,49653.78
8388,49653.78
8389,49653.78
8390,49653.78
8391,49653.78
8392,49653.79
8393,49653.79
8394,49653.79
8395,49653.79
8396,49653.79
8397,49653.8
8398,49653.8
8399,49653.8
8400,49653.8
8401,49653.8
8402,49653.81
8403,49653.81
8404,49653.81
8405,49653.81
8406,49653.81
8407,49653.82
8408,49653.82
8409,49653.82
8410,49653.82
8411,49653.82
8412,49653.83
8413,49653.83
8414,49653.83
8415,49653.83
8416,49653.83
8417,49653.84
8418,49653.84
8419,49653.84
8420,49653.84
8421,49653.84
8422,49653.85
8423,49653.85
8424,49653.85
8425,49653.85
8426,49653.85
8427,49653.86
8428,49653.86
8429,49653.86
8430,49653.86
8431,49653.86
8432,49653.87
8433,49653.87
8434,49653.87
8435,49653.87
8436,49653.87
8437,49653.88
8438,49653.88
8439,49653.88
8440,49653.88
8441,49653.88
8442,49653.89
8443,49653.89
8444,49653.89
8445,49653.89
8446,49653.89
8447,49653.9
8448,49653.9
8449,49653.9
8450,49653.9
8451,49653.9
8452,49653.91
8453,49653.91
8454,49653.91
8455,49653.91
8456,49653.91
8457,49653.92
8458,49653.92
8459,49653.92
8460,49653.92
8461,49653.92
8462,49653.93
8463,49653.93
8464,49653.93
8465,49653.93
8466,49653.93
8467,49653.94
8468,49653.94
8469,49653.94
8470,49653.94
8471,49653.94
8472,49653.95
8473,49653.95
8474,49653.95
8475,49653.95
8476,49653.95
8477,49653.96
8478,49653.96
8479,49653.96
8480,49653.96
8481,49653.96
8482,49653.97
8483,49653.97
8484,49653.97
8485,49653.97
8486,49653.97
8487,49653.97
8488,49653.98
8489,49653.98
8490,49653.98
8491,49653.98
8492,49653.98
8493,49653.99
8494,49653.99
8495,49653.99
8496,49653.99
8497,49653.99
8498,49654.0
8499,49654.0
8500,49654.0
8501,49654.0
8502,49654.0
8503,49654.01
8504,49654.01
8505,49654.01
8506,49654.01
8507,49654.01
8508,49654.02
8509,49654.02
8510,49654.02
8511,49654.02
8512,49654.02
8513,49654.03
8514,49654.03
8515,49654.03
8516,49654.03
8517,49654.03
8518,49654.04
8519,49654.04
8520,49654.04
8521,49654.04
8522,49654.04
8523,49654.05
8524,49654.05
8525,49654.05
8526,49654.05
8527,49654.05
8528,49654.06
8529,49654.06
8530,49654.06
8531,49654.06
8532,49654.06
8533,49654.07
8534,49654.07
8535,49654.07
8536,49654.07
8537,49654.07
8538,49654.08
8539,49654.08
8540,49654.08
8541,49654.08
8542,49654.08
8543,49654.09
8544,49654.09
8545,49654.09
8546,49654.09
8547,49654.09
8548,49654.1
8549,49654.1
8550,49654.1
8551,49654.1
8552,49654.1
8553,49654.11
8554,49654.11
8555,49654.11
8556,49654.11
8557,49654.11
8558,49654.12
8559,49654.12
8560,49654.12
8561,49654.12
8562,49654.12
8563,49654.13
8564,49654.13
8565,49654.13
8566,49654.13
8567,49654.13
8568,49654.14
8569,49654.14
8570,49654.14
8571,49654.14
8572,49654.14
8573,49654.14
8574,49654.15
8575,49654.15
8576,49654.15
8577,49654.15
8578,49654.15
8579,49654.16
8580,49654.16
8581,49654.16
8582,49654.16
8583,49654.16
8584,49654.17
8585,49654.17
8586,49654.17
8587,49654.17
8588,49654.17
8589,49654.18
8590,49654.18
8591,49654.18
8592,49654.18
8593,49654.18
8594,49654.19
8595,49654.19
8596,49654.19
8597,49654.19
8598,49654.19
8599,49654.2
8600,49654.2
8601,49654.2
8602,49654.2
8603,49654.2
8604,49654.21
8605,49654.21
8606,49654.21
8607,49654.21
8608,49654.21
8609,49654.22
8610,49654.22
8611,49654.22
8612,49654.22
8613,49654.22
8614,49654.23
8615,49654.23
8616,49654.23
8617,49654.23
8618,49654.23
8619,49654.24
8620,49654.24
8621,49654.24
8622,49654.24
8623,49654.24
8624,49654.25
8625,49654.25
8626,49654.25
8627,49654.25
8628,49654.25
8629,49654.26
8630,49654.26
8631,49654.26
8632,49654.26
8633,49654.26
8634,49654.27
8635,49654.27
8636,49654.27
8637,49654.27
8638,49654.27
8639,49654.28
8640,49654.28
8641,49654.28
8642,49654.28
8643,49654.28
8644,49654.29
8645,49654.29
8646,49654.29
8647,49654.29
8648,49654.29
8649,49654.3
8650,49654.3
8651,49654.3
8652,49654.3
8653,49654.3
8654,49654.31
8655,49654.31
8656,49654.31
8657,49654.31
8658,49654.31
8659,49654.32
8660,49654.32
8661,49654.32
8662,49654.32
8663,49654.32
8664,49654.33
8665,49654.33
8666,49654.33
8667,49654.33
8668,49654.33
8669,49654.34
8670,49654.34
8671,49654.34
8672,49654.34
8673,49654.34
8674,49654.35
8675,49654.35
8676,49654.35
8677,49654.35
8678,49654.35
8679,49654.36
8680,49654.36
8681,49654.36
8682,49654.36
8683,49654.36
8684,49654.37
8685,49654.37
8686,49654.37
8687,49654.37
8688,49654.37
8689,49654.38
8690,49654.38
8691,49654.38
8692,49654.38
8693,49654.38
8694,49654.39
8695,49654.39
8696,49654.39
8697,49654.39
8698,49654.39
8699,49654.4
8700,49654.4
8701,49654.4
8702,49654.4
8703,49654.4
8704,49654.41
8705,49654.41
8706,49654.41
8707,49654.41
8708,49654.41
8709,49654.42
8710,49654.42
8711,49654.42
8712,49654.42
8713,49654.42
8714,49654.43
8715,49654.43
8716,49654.43
8717,49654.43
8718,49654.43
8719,49654.44
8720,49654.44
8721,49654.44
8722,49654.44
8723,49654.44
8724,49654.45
8725,49654.45
8726,49654.45
8727,49654.45
8728,49654.45
8729,49654.46
8730,49654.46
8731,49654.46
8732,49654.46
8733,49654.46
8734,49654.47
8735,49654.47
8736,49654.47
8737,49654.47
8738,49654.47
8739,49654.47
8740,49654.48
8741,49654.48
8742,49654.48
8743,49654.48
8744,49654.48
8745,49654.49
8746,49654.49
8747,49654.49
8748,49654.49
8749,49654.49
8750,49654.5
8751,49654.5
8752,49654.5
8753,49654.5
8754,49654.5
8755,49654.51
8756,49654.51
8757,49654.51
8758,49654.51
8759,49654.51
8760,49654.52
8761,49654.52
8762,49654.52
8763,49654.52
8764,49654.52
8765,49654.53
8766,49654.53
8767,49654.53
8768,49654.53
8769,49654.53
8770,49654.54
8771,49654.54
8772,49654.54
8773,49654.54
8774,49654.54
8775,49654.55
8776,49654.55
8777,49654.55
8778,49654.55
8779,49654.55
8780,49654.56
8781,49654.56
8782,49654.56
8783,49654.56
8784,49654.56
8785,49654.57
8786,49654.57
8787,49654.57
8788,49654.57
8789,49654.57
8790,49654.58
8791,49654.58
8792,49654.58
8793,49654.58
8794,49654.58
8795,49654.59
8796,49654.59
8797,49654.59
8798,49654.59
8799,49654.59
8800,49654.6
8801,49654.6
8802,49654.6
8803,49654.6
8804,49654.6
8805,49654.61
8806,49654.61
8807,49654.61
8808,49654.61
8809,49654.61
8810,49654.62
8811,49654.62
8812,49654.62
8813,49654.62
8814,49654.63
8815,49654.63
8816,49654.63
8817,49654.63
8818,49654.63
8819,49654.64
8820,49654.64
8821,49654.64
8822,49654.64
8823,49654.64
8824,49654.64
8825,49654.65
8826,49654.65
8827,49654.65
8828,49654.65
8829,49654.65
8830,49654.66
8831,49654.66
8832,49654.66
8833,49654.66
8834,49654.66
8835,49654.67
8836,49654.67
8837,49654.67
8838,49654.67
8839,49654.67
8840,49654.68
8841,49654.68
8842,49654.68
8843,49654.68
8844,49654.68
8845,49654.69
8846,49654.69
8847,49654.69
8848,49654.69
8849,49654.69
8850,49654.7
8851,49654.7
8852,49654.7
8853,49654.7
8854,49654.7
8855,49654.71
8856,49654.71
8857,49654.71
8858,49654.71
8859,49654.71
8860,49654.72
8861,49654.72
8862,49654.72
8863,49654.72
8864,49654.72
8865,49654.73
8866,49654.73
8867,49654.73
8868,49654.73
8869,49654.73
8870,49654.74
8871,49654.74
8872,49654.74
8873,49654.74
8874,49654.74
8875,49654.75
8876,49654.75
8877,49654.75
8878,49654.75
8879,49654.75
8880,49654.76
8881,49654.76
8882,49654.76
8883,49654.76
8884,49654.76
8885,49654.77
8886,49654.77
8887,49654.77
8888,49654.77
8889,49654.77
8890,49654.78
8891,49654.78
8892,49654.78
8893,49654.78
8894,49654.78
8895,49654.79
8896,49654.79
8897,49654.79
8898,49654.79
8899,49654.79
8900,49654.8
8901,49654.8
8902,49654.8
8903,49654.8
8904,49654.8
8905,49654.81
8906,49654.81
8907,49654.81
8908,49654.81
8909,49654.81
8910,49654.81
8911,49654.82
8912,49654.82
8913,49654.82
8914,49654.82
8915,49654.82
8916,49654.83
8917,49654.83
8918,49654.83
8919,49654.83
8920,49654.83
8921,49654.84
8922,49654.84
8923,49654.84
8924,49654.84
8925,49654.84
8926,49654.85
8927,49654.85
8928,49654.85
8929,49654.85
8930,49654.85
8931,49654.86
8932,49654.86
8933,49654.86
8934,49654.86
8935,49654.86
8936,49654.87
8937,49654.87
8938,49654.87
8939,49654.87
8940,49654.87
8941,49654.88
8942,49654.88
8943,49654.88
8944,49654.88
8945,49654.88
8946,49654.89
8947,49654.89
8948,49654.89
8949,49654.89
8950,49654.89
8951,49654.9
8952,49654.9
8953,49654.9
8954,49654.9
8955,49654.9
8956,49654.91
8957,49654.91
8958,49654.91
8959,49654.91
8960,49654.91
8961,49654.92
8962,49654.92
8963,49654.92
8964,49654.92
8965,49654.92
8966,49654.93
8967,49654.93
8968,49654.93
8969,49654.93
8970,49654.93
8971,49654.94
8972,49654.94
8973,49654.94
8974,49654.94
8975,49654.94
8976,49654.95
8977,49654.95
8978,49654.95
8979,49654.95
8980,49654.95
8981,49654.96
8982,49654.96
8983,49654.96
8984,49654.96
8985,49654.96
8986,49654.97
8987,49654.97
8988,49654.97
8989,49654.97
8990,49654.97
8991,49654.98
8992,49654.98
8993,49654.98
8994,49654.98
8995,49654.98
8996,49654.99
8997,49654.99
8998,49654.99
8999,49654.99
9000,49654.99
9001,49655.0
9002,49655.0
9003,49655.0
9004,49655.0
9005,49655.0
9006,49655.01
9007,49655.01
9008,49655.01
9009,49655.01
9010,49655.01
9011,49655.02
9012,49655.02
9013,49655.02
9014,49655.02
9015,49655.02
9016,49655.03
9017,49655.03
9018,49655.03
9019,49655.03
9020,49655.03
9021,49655.04
9022,49655.04
9023,49655.04
9024,49655.04
9025,49655.04
9026,49655.05
9027,49655.05
9028,49655.05
9029,49655.05
9030,49655.05
9031,49655.06
9032,49655.06
9033,49655.06
9034,49655.06
9035,49655.06
9036,49655.07
9037,49655.07
9038,49655.07
9039,49655.07
9040,49655.07
9041,49655.08
9042,49655.08
9043,49655.08
9044,49655.08
9045,49655.08
9046,49655.09
9047,49655.09
9048,49655.09
9049,49655.09
9050,49655.09
9051,49655.1
9052,49655.1
9053,49655.1
9054,49655.1
9055,49655.1
9056,49655.11
9057,49655.11
9058,49655.11
9059,49655.11
9060,49655.11
9061,49655.12
9062,49655.12
9063,49655.12
9064,49655.12
9065,49655.12
9066,49655.13
9067,49655.13
9068,49655.13
9069,49655.13
9070,49655.13
9071,49655.14
9072,49655.14
9073,49655.14
9074,49655.14
9075,49655.14
9076,49655.14
9077,49655.15
9078,49655.15
9079,49655.15
9080,49655.15
9081,49655.15
9082,49655.16
9083,49655.16
9084,49655.16
9085,49655.16
9086,49655.16
9087,49655.17
9088,49655.17
9089,49655.17
9090,49655.17
9091,49655.17
9092,49655.18
9093,49655.18
9094,49655.18
9095,49655.18
9096,49655.18
9097,49655.19
9098,49655.19
9099,49655.19
9100,49655.19
9101,49655.19
9102,49655.2
9103,49655.2
9104,49655.2
9105,49655.2
9106,49655.2
9107,49655.21
9108,49655.21
9109,49655.21
9110,49655.21
9111,49655.21
9112,49655.22
9113,49655.22
9114,49655.22
9115,49655.22
9116,49655.22
9117,49655.23
9118,49655.23
9119,49655.23
9120,49655.23
9121,49655.23
9122,49655.24
9123,49655.24
9124,49655.24
9125,49655.24
9126,49655.24
9127,49655.25
9128,49655.25
9129,49655.25
9130,49655.25
9131,49655.25
9132,49655.26
9133,49655.26
9134,49655.26
9135,49655.26
9136,49655.26
9137,49655.27
9138,49655.27
9139,49655.27
9140,49655.27
9141,49655.27
9142,49655.28
9143,49655.28
9144,49655.28
9145,49655.28
9146,49655.28
9147,49655.29
9148,49655.29
9149,49655.29
9150,49655.29
9151,49655.29
9152,49655.3
9153,49655.3
9154,49655.3
9155,49655.3
9156,49655.3
9157,49655.31
9158,49655.31
9159,49655.31
9160,49655.31
9161,49655.31
9162,49655.31
9163,49655.32
9164,49655.32
9165,49655.32
9166,49655.32
9167,49655.32
9168,49655.33
9169,49655.33
9170,49655.33
9171,49655.33
9172,49655.33
9173,49655.34
9174,49655.34
9175,49655.34
9176,49655.34
9177,49655.35
9178,49655.35
9179,49655.35
9180,49655.35
9181,49655.35
9182,49655.36
9183,49655.36
9184,49655.36
9185,49655.36
9186,49655.36
9187,49655.37
9188,49655.37
9189,49655.37
9190,49655.37
9191,49655.37
9192,49655.38
9193,49655.38
9194,49655.38
9195,49655.38
9196,49655.38
9197,49655.39
9198,49655.39
9199,49655.39
9200,49655.39
9201,49655.39
9202,49655.4
9203,49655.4
9204,49655.4
9205,49655.4
9206,49655.4
9207,49655.41
9208,49655.41
9209,49655.41
9210,49655.41
9211,49655.41
9212,49655.42
9213,49655.42
9214,49655.42
9215,49655.42
9216,49655.42
9217,49655.43
9218,49655.43
9219,49655.43
9220,49655.43
9221,49655.43
9222,49655.44
9223,49655.44
9224,49655.44
9225,49655.44
9226,49655.44
9227,49655.45
9228,49655.45
9229,49655.45
9230,49655.45
9231,49655.45
9232,49655.46
9233,49655.46
9234,49655.46
9235,49655.46
9236,49655.46
9237,49655.47
9238,49655.47
9239,49655.47
9240,49655.47
9241,49655.47
9242,49655.47
9243,49655.48
9244,49655.48
9245,49655.48
9246,49655.48
9247,49655.48
9248,49655.49
9249,49655.49
9250,49655.49
9251,49655.49
9252,49655.49
9253,49655.5
9254,49655.5
9255,49655.5
9256,49655.5
9257,49655.5
9258,49655.51
9259,49655.51
9260,49655.51
9261,49655.51
9262,49655.51
9263,49655.52
9264,49655.52
9265,49655.52
9266,49655.52
9267,49655.52
9268,49655.53
9269,49655.53
9270,49655.53
9271,49655.53
9272,49655.53
9273,49655.54
9274,49655.54
9275,49655.54
9276,49655.54
9277,49655.54
9278,49655.55
9279,49655.55
9280,49655.55
9281,49655.55
9282,49655.55
9283,49655.56
9284,49655.56
9285,49655.56
9286,49655.56
9287,49655.56
9288,49655.57
9289,49655.57
9290,49655.57
9291,49655.57
9292,49655.57
9293,49655.58
9294,49655.58
9295,49655.58
9296,49655.58
9297,49655.58
9298,49655.59
9299,49655.59
9300,49655.59
9301,49655.59
9302,49655.59
9303,49655.6
9304,49655.6
9305,49655.6
9306,49655.6
9307,49655.6
9308,49655.61
9309,49655.61
9310,49655.61
9311,49655.61
9312,49655.61
9313,49655.62
9314,49655.62
9315,49655.62
9316,49655.62
9317,49655.62
9318,49655.63
9319,49655.63
9320,49655.63
9321,49655.63
9322,49655.63
9323,49655.64
9324,49655.64
9325,49655.64
9326,49655.64
9327,49655.64
9328,49655.65
9329,49655.65
9330,49655.65
9331,49655.65
9332,49655.65
9333,49655.66
9334,49655.66
9335,49655.66
9336,49655.66
9337,49655.66
9338,49655.67
9339,49655.67
9340,49655.67
9341,49655.67
9342,49655.67
9343,49655.68
9344,49655.68
9345,49655.68
9346,49655.68
9347,49655.68
9348,49655.69
9349,49655.69
9350,49655.69
9351,49655.69
9352,49655.69
9353,49655.7
9354,49655.7
9355,49655.7
9356,49655.7
9357,49655.7
9358,49655.71
9359,49655.71
9360,49655.71
9361,49655.71
9362,49655.71
9363,49655.72
9364,49655.72
9365,49655.72
9366,49655.72
9367,49655.72
9368,49655.73
9369,49655.73
9370,49655.73
9371,49655.73
9372,49655.73
9373,49655.74
9374,49655.74
9375,49655.74
9376,49655.74
9377,49655.74
9378,49655.75
9379,49655.75
9380,49655.75
9381,49655.75
9382,49655.75
9383,49655.76
9384,49655.76
9385,49655.76
9386,49655.76
9387,49655.76
9388,49655.77
9389,49655.77
9390,49655.77
9391,49655.77
9392,49655.77
9393,49655.78
9394,49655.78
9395,49655.78
9396,49655.78
9397,49655.78
9398,49655.79
9399,49655.79
9400,49655.79
9401,49655.79
9402,49655.79
9403,49655.8
9404,49655.8
9405,49655.8
9406,49655.8
9407,49655.8
9408,49655.81
9409,49655.81
9410,49655.81
9411,49655.81
9412,49655.81
9413,49655.81
9414,49655.82
9415,49655.82
9416,49655.82
9417,49655.82
9418,49655.82
9419,49655.83
9420,49655.83
9421,49655.83
9422,49655.83
9423,49655.83
9424,49655.84
9425,49655.84
9426,49655.84
9427,49655.84
9428,49655.84
9429,49655.85
9430,49655.85
9431,49655.85
9432,49655.85
9433,49655.85
9434,49655.86
9435,49655.86
9436,49655.86
9437,49655.86
9438,49655.86
9439,49655.87
9440,49655.87
9441,49655.87
9442,49655.87
9443,49655.87
9444,49655.88
9445,49655.88
9446,49655.88
9447,49655.88
9448,49655.88
9449,49655.89
9450,49655.89
9451,49655.89
9452,49655.89
9453,49655.89
9454,49655.9
9455,49655.9
9456,49655.9
9457,49655.9
9458,49655.9
9459,49655.91
9460,49655.91
9461,49655.91
9462,49655.91
9463,49655.91
9464,49655.92
9465,49655.92
9466,49655.92
9467,49655.92
9468,49655.92
9469,49655.93
9470,49655.93
9471,49655.93
9472,49655.93
9473,49655.93
9474,49655.94
9475,49655.94
9476,49655.94
9477,49655.94
9478,49655.94
9479,49655.95
9480,49655.95
9481,49655.95
9482,49655.95
9483,49655.95
9484,49655.96
9485,49655.96
9486,49655.96
9487,49655.96
9488,49655.96
9489,49655.97
9490,49655.97
9491,49655.97
9492,49655.97
9493,49655.97
9494,49655.98
9495,49655.98
9496,49655.98
9497,49655.98
9498,49655.98
9499,49655.98
9500,49655.99
9501,49655.99
9502,49655.99
9503,49655.99
9504,49655.99
9505,49656.0
9506,49656.0
9507,49656.0
9508,49656.0
9509,49656.0
9510,49656.01
9511,49656.01
9512,49656.01
9513,49656.01
9514,49656.01
9515,49656.02
9516,49656.02
9517,49656.02
9518,49656.02
9519,49656.02
9520,49656.03
9521,49656.03
9522,49656.03
9523,49656.03
9524,49656.03
9525,49656.04
9526,49656.04
9527,49656.04
9528,49656.04
9529,49656.04
9530,49656.05
9531,49656.05
9532,49656.05
9533,49656.05
9534,49656.05
9535,49656.06
9536,49656.06
9537,49656.06
9538,49656.06
9539,49656.07
9540,49656.07
9541,49656.07
9542,49656.07
9543,49656.07
9544,49656.08
9545,49656.08
9546,49656.08
9547,49656.08
9548,49656.08
9549,49656.09
9550,49656.09
9551,49656.09
9552,49656.09
9553,49656.09
9554,49656.1
9555,49656.1
9556,49656.1
9557,49656.1
9558,49656.1
9559,49656.11
9560,49656.11
9561,49656.11
9562,49656.11
9563,49656.11
9564,49656.12
9565,49656.12
9566,49656.12
9567,49656.12
9568,49656.12
9569,49656.13
9570,49656.13
9571,49656.13
9572,49656.13
9573,49656.13
9574,49656.14
9575,49656.14
9576,49656.14
9577,49656.14
9578,49656.14
9579,49656.14
9580,49656.15
9581,49656.15
9582,49656.15
9583,49656.15
9584,49656.15
9585,49656.16
9586,49656.16
9587,49656.16
9588,49656.16
9589,49656.16
9590,49656.17
9591,49656.17
9592,49656.17
9593,49656.17
9594,49656.17
9595,49656.18
9596,49656.18
9597,49656.18
9598,49656.18
9599,49656.18
9600,49656.19
9601,49656.19
9602,49656.19
9603,49656.19
9604,49656.19
9605,49656.2
9606,49656.2
9607,49656.2
9608,49656.2
9609,49656.2
9610,49656.21
9611,49656.21
9612,49656.21
9613,49656.21
9614,49656.21
9615,49656.22
9616,49656.22
9617,49656.22
9618,49656.22
9619,49656.22
9620,49656.23
9621,49656.23
9622,49656.23
9623,49656.23
9624,49656.23
9625,49656.24
9626,49656.24
9627,49656.24
9628,49656.24
9629,49656.24
9630,49656.25
9631,49656.25
9632,49656.25
9633,49656.25
9634,49656.25
9635,49656.26
9636,49656.26
9637,49656.26
9638,49656.26
9639,49656.26
9640,49656.27
9641,49656.27
9642,49656.27
9643,49656.27
9644,49656.27
9645,49656.28
9646,49656.28
9647,49656.28
9648,49656.28
9649,49656.28
9650,49656.29
9651,49656.29
9652,49656.29
9653,49656.29
9654,49656.29
9655,49656.3
9656,49656.3
9657,49656.3
9658,49656.3
9659,49656.3
9660,49656.31
9661,49656.31
9662,49656.31
9663,49656.31
9664,49656.31
9665,49656.31
9666,49656.32
9667,49656.32
9668,49656.32
9669,49656.32
9670,49656.32
9671,49656.33
9672,49656.33
9673,49656.33
9674,49656.33
9675,49656.33
9676,49656.34
9677,49656.34
9678,49656.34
9679,49656.34
9680,49656.34
9681,49656.35
9682,49656.35
9683,49656.35
9684,49656.35
9685,49656.35
9686,49656.36
9687,49656.36
9688,49656.36
9689,49656.36
9690,49656.36
9691,49656.37
9692,49656.37
9693,49656.37
9694,49656.37
9695,49656.37
9696,49656.38
9697,49656.38
9698,49656.38
9699,49656.38
9700,49656.38
9701,49656.39
9702,49656.39
9703,49656.39
9704,49656.39
9705,49656.39
9706,49656.4
9707,49656.4
9708,49656.4
9709,49656.4
9710,49656.4
9711,49656.41
9712,49656.41
9713,49656.41
9714,49656.41
9715,49656.41
9716,49656.42
9717,49656.42
9718,49656.42
9719,49656.42
9720,49656.42
9721,49656.43
9722,49656.43
9723,49656.43
9724,49656.43
9725,49656.43
9726,49656.44
9727,49656.44
9728,49656.44
9729,49656.44
9730,49656.44
9731,49656.45
9732,49656.45
9733,49656.45
9734,49656.45
9735,49656.45
9736,49656.46
9737,49656.46
9738,49656.46
9739,49656.46
9740,49656.46
9741,49656.47
9742,49656.47
9743,49656.47
9744,49656.47
9745,49656.47
9746,49656.48
9747,49656.48
9748,49656.48
9749,49656.48
9750,49656.48
9751,49656.49
9752,49656.49
9753,49656.49
9754,49656.49
9755,49656.49
9756,49656.5
9757,49656.5
9758,49656.5
9759,49656.5
9760,49656.5
9761,49656.51
9762,49656.51
9763,49656.51
9764,49656.51
9765,49656.51
9766,49656.52
9767,49656.52
9768,49656.52
9769,49656.52
9770,49656.52
9771,49656.53
9772,49656.53
9773,49656.53
9774,49656.53
9775,49656.53
9776,49656.54
9777,49656.54
9778,49656.54
9779,49656.54
9780,49656.54
9781,49656.55
9782,49656.55
9783,49656.55
9784,49656.55
9785,49656.55
9786,49656.56
9787,49656.56
9788,49656.56
9789,49656.56
9790,49656.56
9791,49656.57
9792,49656.57
9793,49656.57
9794,49656.57
9795,49656.57
9796,49656.58
9797,49656.58
9798,49656.58
9799,49656.58
9800,49656.58
9801,49656.59
9802,49656.59
9803,49656.59
9804,49656.59
9805,49656.59
9806,49656.6
9807,49656.6
9808,49656.6
9809,49656.6
9810,49656.6
9811,49656.61
9812,49656.61
9813,49656.61
9814,49656.61
9815,49656.61
9816,49656.62
9817,49656.62
9818,49656.62
9819,49656.62
9820,49656.62
9821,49656.63
9822,49656.63
9823,49656.63
9824,49656.63
9825,49656.63
9826,49656.64
9827,49656.64
9828,49656.64
9829,49656.64
9830,49656.64
9831,49656.64
9832,49656.65
9833,49656.65
9834,49656.65
9835,49656.65
9836,49656.65
9837,49656.66
9838,49656.66
9839,49656.66
9840,49656.66
9841,49656.66
9842,49656.67
9843,49656.67
9844,49656.67
9845,49656.67
9846,49656.67
9847,49656.68
9848,49656.68
9849,49656.68
9850,49656.68
9851,49656.68
9852,49656.69
9853,49656.69
9854,49656.69
9855,49656.69
9856,49656.69
9857,49656.7
9858,49656.7
9859,49656.7
9860,49656.7
9861,49656.7
9862,49656.71
9863,49656.71
9864,49656.71
9865,49656.71
9866,49656.71
9867,49656.72
9868,49656.72
9869,49656.72
9870,49656.72
9871,49656.72
9872,49656.73
9873,49656.73
9874,49656.73
9875,49656.73
9876,49656.73
9877,49656.74
9878,49656.74
9879,49656.74
9880,49656.74
9881,49656.74
9882,49656.75
9883,49656.75
9884,49656.75
9885,49656.75
9886,49656.75
9887,49656.76
9888,49656.76
9889,49656.76
9890,49656.76
9891,49656.76
9892,49656.77
9893,49656.77
9894,49656.77
9895,49656.77
9896,49656.77
9897,49656.78
9898,49656.78
9899,49656.78
9900,49656.78
9901,49656.78
9902,49656.79
9903,49656.79
9904,49656.79
9905,49656.79
9906,49656.79
9907,49656.8
9908,49656.8
9909,49656.8
9910,49656.8
9911,49656.8
9912,49656.81
9913,49656.81
9914,49656.81
9915,49656.81
9916,49656.81
9917,49656.81
9918,49656.82
9919,49656.82
9920,49656.82
9921,49656.82
9922,49656.82
9923,49656.83
9924,49656.83
9925,49656.83
9926,49656.83
9927,49656.83
9928,49656.84
9929,49656.84
9930,49656.84
9931,49656.84
9932,49656.84
9933,49656.85
9934,49656.85
9935,49656.85
9936,49656.85
9937,49656.85
9938,49656.86
9939,49656.86
9940,49656.86
9941,49656.86
9942,49656.86
9943,49656.87
9944,49656.87
9945,49656.87
9946,49656.87
9947,49656.87
9948,49656.88
9949,49656.88
9950,49656.88
9951,49656.88
9952,49656.88
9953,49656.89
9954,49656.89
9955,49656.89
9956,49656.89
9957,49656.89
9958,49656.9
9959,49656.9
9960,49656.9
9961,49656.9
9962,49656.91
9963,49656.91
9964,49656.91
9965,49656.91
9966,49656.91
9967,49656.92
9968,49656.92
9969,49656.92
9970,49656.92
9971,49656.92
9972,49656.93
9973,49656.93
9974,49656.93
9975,49656.93
9976,49656.93
9977,49656.94
9978,49656.94
9979,49656.94
9980,49656.94
9981,49656.94
9982,49656.95
9983,49656.95
9984,49656.95
9985,49656.95
9986,49656.95
9987,49656.96
9988,49656.96
9989,49656.96
9990,49656.96
9991,49656.96
9992,49656.97
9993,49656.97
9994,49656.97
9995,49656.97
9996,49656.97
9997,49656.98
9998,49656.98
9999,49656.98
10000,49656.98
10001,49656.98
10002,49656.98
10003,49656.99
10004,49656.99
10005,49656.99
10006,49656.99
10007,49656.99
10008,49657.0
10009,49657.0
10010,49657.0
10011,49657.0
10012,49657.0
10013,49657.01
10014,49657.01
10015,49657.01
10016,49657.01
10017,49657.01
10018,49657.02
10019,49657.02
10020,49657.02
10021,49657.02
10022,49657.02
10023,49657.03
10024,49657.03
10025,49657.03
10026,49657.03
10027,49657.03
10028,49657.04
10029,49657.04
10030,49657.04
10031,49657.04
10032,49657.04
10033,49657.05
10034,49657.05
10035,49657.05
10036,49657.05
10037,49657.05
10038,49657.06
10039,49657.06
10040,49657.06
10041,49657.06
10042,49657.06
10043,49657.07
10044,49657.07
10045,49657.07
10046,49657.07
10047,49657.07
10048,49657.08
10049,49657.08
10050,49657.08
10051,49657.08
10052,49657.08
10053,49657.09
10054,49657.09
10055,49657.09
10056,49657.09
10057,49657.09
10058,49657.1
10059,49657.1
10060,49657.1
10061,49657.1
10062,49657.1
10063,49657.11
10064,49657.11
10065,49657.11
10066,49657.11
10067,49657.11
10068,49657.12
10069,49657.12
10070,49657.12
10071,49657.12
10072,49657.12
10073,49657.13
10074,49657.13
10075,49657.13
10076,49657.13
10077,49657.14
10078,49657.14
10079,49657.14
10080,49657.14
10081,49657.14
10082,49657.14
10083,49657.15
10084,49657.15
10085,49657.15
10086,49657.15
10087,49657.15
10088,49657.16
10089,49657.16
10090,49657.16
10091,49657.16
10092,49657.16
10093,49657.17
10094,49657.17
10095,49657.17
10096,49657.17
10097,49657.17
10098,49657.18
10099,49657.18
10100,49657.18
10101,49657.18
10102,49657.18
10103,49657.19
10104,49657.19
10105,49657.19
10106,49657.19
10107,49657.19
10108,49657.2
10109,49657.2
10110,49657.2
10111,49657.2
10112,49657.2
10113,49657.21
10114,49657.21
10115,49657.21
10116,49657.21
10117,49657.21
10118,49657.22
10119,49657.22
10120,49657.22
10121,49657.22
10122,49657.22
10123,49657.23
10124,49657.23
10125,49657.23
10126,49657.23
10127,49657.23
10128,49657.24
10129,49657.24
10130,49657.24
10131,49657.24
10132,49657.24
10133,49657.25
10134,49657.25
10135,49657.25
10136,49657.25
10137,49657.25
10138,49657.26
10139,49657.26
10140,49657.26
10141,49657.26
10142,49657.26
10143,49657.27
10144,49657.27
10145,49657.27
10146,49657.27
10147,49657.27
10148,49657.28
10149,49657.28
10150,49657.28
10151,49657.28
10152,49657.28
10153,49657.29
10154,49657.29
10155,49657.29
10156,49657.29
10157,49657.29
10158,49657.3
10159,49657.3
10160,49657.3
10161,49657.3
10162,49657.3
10163,49657.31
10164,49657.31
10165,49657.31
10166,49657.31
10167,49657.31
10168,49657.31
10169,49657.32
10170,49657.32
10171,49657.32
10172,49657.32
10173,49657.32
10174,49657.33
10175,49657.33
10176,49657.33
10177,49657.33
10178,49657.33
10179,49657.34
10180,49657.34
10181,49657.34
10182,49657.34
10183,49657.34
10184,49657.35
10185,49657.35
10186,49657.35
10187,49657.35
10188,49657.35
10189,49657.36
10190,49657.36
10191,49657.36
10192,49657.36
10193,49657.36
10194,49657.37
10195,49657.37
10196,49657.37
10197,49657.37
10198,49657.37
10199,49657.38
10200,49657.38
10201,49657.38
10202,49657.38
10203,49657.38
10204,49657.39
10205,49657.39
10206,49657.39
10207,49657.39
10208,49657.39
10209,49657.4
10210,49657.4
10211,49657.4
10212,49657.4
10213,49657.4
10214,49657.41
10215,49657.41
10216,49657.41
10217,49657.41
10218,49657.41
10219,49657.42
10220,49657.42
10221,49657.42
10222,49657.42
10223,49657.42
10224,49657.43
10225,49657.43
10226,49657.43
10227,49657.43
10228,49657.43
10229,49657.44
10230,49657.44
10231,49657.44
10232,49657.44
10233,49657.44
10234,49657.45
10235,49657.45
10236,49657.45
10237,49657.45
10238,49657.45
10239,49657.46
10240,49657.46
10241,49657.46
10242,49657.46
10243,49657.46
10244,49657.47
10245,49657.47
10246,49657.47
10247,49657.47
10248,49657.47
10249,49657.48
10250,49657.48
10251,49657.48
10252,49657.48
10253,49657.48
10254,49657.48
10255,49657.49
10256,49657.49
10257,49657.49
10258,49657.49
10259,49657.49
10260,49657.5
10261,49657.5
10262,49657.5
10263,49657.5
10264,49657.5
10265,49657.51
10266,49657.51
10267,49657.51
10268,49657.51
10269,49657.51
10270,49657.52
10271,49657.52
10272,49657.52
10273,49657.52
10274,49657.52
10275,49657.53
10276,49657.53
10277,49657.53
10278,49657.53
10279,49657.53
10280,49657.54
10281,49657.54
10282,49657.54
10283,49657.54
10284,49657.54
10285,49657.55
10286,49657.55
10287,49657.55
10288,49657.55
10289,49657.55
10290,49657.56
10291,49657.56
10292,49657.56
10293,49657.56
10294,49657.56
10295,49657.57
10296,49657.57
10297,49657.57
10298,49657.57
10299,49657.57
10300,49657.58
10301,49657.58
10302,49657.58
10303,49657.58
10304,49657.58
10305,49657.59
10306,49657.59
10307,49657.59
10308,49657.59
10309,49657.59
10310,49657.6
10311,49657.6
10312,49657.6
10313,49657.6
10314,49657.6
10315,49657.61
10316,49657.61
10317,49657.61
10318,49657.61
10319,49657.61
10320,49657.62
10321,49657.62
10322,49657.62
10323,49657.62
10324,49657.62
10325,49657.63
10326,49657.63
10327,49657.63
10328,49657.63
10329,49657.63
10330,49657.64
10331,49657.64
10332,49657.64
10333,49657.64
10334,49657.64
10335,49657.65
10336,49657.65
10337,49657.65
10338,49657.65
10339,49657.65
10340,49657.66
10341,49657.66
10342,49657.66
10343,49657.66
10344,49657.66
10345,49657.67
10346,49657.67
10347,49657.67
10348,49657.67
10349,49657.67
10350,49657.68
10351,49657.68
10352,49657.68
10353,49657.68
10354,49657.68
10355,49657.69
10356,49657.69
10357,49657.69
10358,49657.69
10359,49657.69
10360,49657.7
10361,49657.7
10362,49657.7
10363,49657.7
10364,49657.7
10365,49657.71
10366,49657.71
10367,49657.71
10368,49657.71
10369,49657.71
10370,49657.72
10371,49657.72
10372,49657.72
10373,49657.72
10374,49657.72
10375,49657.73
10376,49657.73
10377,49657.73
10378,49657.73
10379,49657.73
10380,49657.74
10381,49657.74
10382,49657.74
10383,49657.74
10384,49657.74
10385,49657.75
10386,49657.75
10387,49657.75
10388,49657.75
10389,49657.75
10390,49657.76
10391,49657.76
10392,49657.76
10393,49657.76
10394,49657.76
10395,49657.77
10396,49657.77
10397,49657.77
10398,49657.77
10399,49657.77
10400,49657.78
10401,49657.78
10402,49657.78
10403,49657.78
10404,49657.78
10405,49657.79
10406,49657.79
10407,49657.79
10408,49657.79
10409,49657.79
10410,49657.8
10411,49657.8
10412,49657.8
10413,49657.8
10414,49657.8
10415,49657.81
10416,49657.81
10417,49657.81
10418,49657.81
10419,49657.81
10420,49657.81
10421,49657.82
10422,49657.82
10423,49657.82
10424,49657.82
10425,49657.82
10426,49657.83
10427,49657.83
10428,49657.83
10429,49657.83
10430,49657.83
10431,49657.84
10432,49657.84
10433,49657.84
10434,49657.84
10435,49657.84
10436,49657.85
10437,49657.85
10438,49657.85
10439,49657.85
10440,49657.85
10441,49657.86
10442,49657.86
10443,49657.86
10444,49657.86
10445,49657.86
10446,49657.87
10447,49657.87
10448,49657.87
10449,49657.87
10450,49657.87
10451,49657.88
10452,49657.88
10453,49657.88
10454,49657.88
10455,49657.88
10456,49657.89
10457,49657.89
10458,49657.89
10459,49657.89
10460,49657.89
10461,49657.9
10462,49657.9
10463,49657.9
10464,49657.9
10465,49657.9
10466,49657.91
10467,49657.91
10468,49657.91
10469,49657.91
10470,49657.91
10471,49657.92
10472,49657.92
10473,49657.92
10474,49657.92
10475,49657.92
10476,49657.93
10477,49657.93
10478,49657.93
10479,49657.93
10480,49657.93
10481,49657.94
10482,49657.94
10483,49657.94
10484,49657.94
10485,49657.94
10486,49657.95
10487,49657.95
10488,49657.95
10489,49657.95
10490,49657.95
10491,49657.96
10492,49657.96
10493,49657.96
10494,49657.96
10495,49657.96
10496,49657.97
10497,49657.97
10498,49657.97
10499,49657.97
10500,49657.98
10501,49657.98
10502,49657.98
10503,49657.98
10504,49657.98
10505,49657.98
10506,49657.99
10507,49657.99
10508,49657.99
10509,49657.99
10510,49657.99
10511,49658.0
10512,49658.0
10513,49658.0
10514,49658.0
10515,49658.0
10516,49658.01
10517,49658.01
10518,49658.01
10519,49658.01
10520,49658.01
10521,49658.02
10522,49658.02
10523,49658.02
10524,49658.02
10525,49658.02
10526,49658.03
10527,49658.03
10528,49658.03
10529,49658.03
10530,49658.03
10531,49658.04
10532,49658.04
10533,49658.04
10534,49658.04
10535,49658.04
10536,49658.05
10537,49658.05
10538,49658.05
10539,49658.05
10540,49658.05
10541,49658.06
10542,49658.06
10543,49658.06
10544,49658.06
10545,49658.06
10546,49658.07
10547,49658.07
10548,49658.07
10549,49658.07
10550,49658.07
10551,49658.08
10552,49658.08
10553,49658.08
10554,49658.08
10555,49658.08
10556,49658.09
10557,49658.09
10558,49658.09
10559,49658.09
10560,49658.09
10561,49658.1
10562,49658.1
10563,49658.1
10564,49658.1
10565,49658.1
10566,49658.11
10567,49658.11
10568,49658.11
10569,49658.11
10570,49658.11
10571,49658.12
10572,49658.12
10573,49658.12
10574,49658.12
10575,49658.12
10576,49658.13
10577,49658.13
10578,49658.13
10579,49658.13
10580,49658.13
10581,49658.14
10582,49658.14
10583,49658.14
10584,49658.14
10585,49658.14
10586,49658.15
10587,49658.15
10588,49658.15
10589,49658.15
10590,49658.15
10591,49658.15
10592,49658.16
10593,49658.16
10594,49658.16
10595,49658.16
10596,49658.16
10597,49658.17
10598,49658.17
10599,49658.17
10600,49658.17
10601,49658.17
10602,49658.18
10603,49658.18
10604,49658.18
10605,49658.18
10606,49658.18
10607,49658.19
10608,49658.19
10609,49658.19
10610,49658.19
10611,49658.19
10612,49658.2
10613,49658.2
10614,49658.2
10615,49658.2
10616,49658.2
10617,49658.21
10618,49658.21
10619,49658.21
10620,49658.21
10621,49658.22
10622,49658.22
10623,49658.22
10624,49658.22
10625,49658.22
10626,49658.23
10627,49658.23
10628,49658.23
10629,49658.23
10630,49658.23
10631,49658.24
10632,49658.24
10633,49658.24
10634,49658.24
10635,49658.24
10636,49658.25
10637,49658.25
10638,49658.25
10639,49658.25
10640,49658.25
10641,49658.26
10642,49658.26
10643,49658.26
10644,49658.26
10645,49658.26
10646,49658.27
10647,49658.27
10648,49658.27
10649,49658.27
10650,49658.27
10651,49658.28
10652,49658.28
10653,49658.28
10654,49658.28
10655,49658.28
10656,49658.29
10657,49658.29
10658,49658.29
10659,49658.29
10660,49658.29
10661,49658.3
10662,49658.3
10663,49658.3
10664,49658.3
10665,49658.3
10666,49658.31
10667,49658.31
10668,49658.31
10669,49658.31
10670,49658.31
10671,49658.31
10672,49658.32
10673,49658.32
10674,49658.32
10675,49658.32
10676,49658.32
10677,49658.33
10678,49658.33
10679,49658.33
10680,49658.33
10681,49658.33
10682,49658.34
10683,49658.34
10684,49658.34
10685,49658.34
10686,49658.34
10687,49658.35
10688,49658.35
10689,49658.35
10690,49658.35
10691,49658.35
10692,49658.36
10693,49658.36
10694,49658.36
10695,49658.36
10696,49658.36
10697,49658.37
10698,49658.37
10699,49658.37
10700,49658.37
10701,49658.37
10702,49658.38
10703,49658.38
10704,49658.38
10705,49658.38
10706,49658.38
10707,49658.39
10708,49658.39
10709,49658.39
10710,49658.39
10711,49658.39
10712,49658.4
10713,49658.4
10714,49658.4
10715,49658.4
10716,49658.4
10717,49658.41
10718,49658.41
10719,49658.41
10720,49658.41
10721,49658.41
10722,49658.42
10723,49658.42
10724,49658.42
10725,49658.42
10726,49658.42
10727,49658.43
10728,49658.43
10729,49658.43
10730,49658.43
10731,49658.43
10732,49658.44
10733,49658.44
10734,49658.44
10735,49658.44
10736,49658.44
10737,49658.45
10738,49658.45
10739,49658.45
10740,49658.45
10741,49658.45
10742,49658.46
10743,49658.46
10744,49658.46
10745,49658.46
10746,49658.46
10747,49658.47
10748,49658.47
10749,49658.47
10750,49658.47
10751,49658.47
10752,49658.48
10753,49658.48
10754,49658.48
10755,49658.48
10756,49658.48
10757,49658.48
10758,49658.49
10759,49658.49
10760,49658.49
10761,49658.49
10762,49658.49
10763,49658.5
10764,49658.5
10765,49658.5
10766,49658.5
10767,49658.5
10768,49658.51
10769,49658.51
10770,49658.51
10771,49658.51
10772,49658.51
10773,49658.52
10774,49658.52
10775,49658.52
10776,49658.52
10777,49658.52
10778,49658.53
10779,49658.53
10780,49658.53
10781,49658.53
10782,49658.53
10783,49658.54
10784,49658.54
10785,49658.54
10786,49658.54
10787,49658.54
10788,49658.55
10789,49658.55
10790,49658.55
10791,49658.55
10792,49658.55
10793,49658.56
10794,49658.56
10795,49658.56
10796,49658.56
10797,49658.56
10798,49658.57
10799,49658.57
10800,49658.57
10801,49658.57
10802,49658.57
10803,49658.58
10804,49658.58
10805,49658.58
10806,49658.58
10807,49658.58
10808,49658.59
10809,49658.59
10810,49658.59
10811,49658.59
10812,49658.59
10813,49658.6
10814,49658.6
10815,49658.6
10816,49658.6
10817,49658.6
10818,49658.61
10819,49658.61
10820,49658.61
10821,49658.61
10822,49658.61
10823,49658.62
10824,49658.62
10825,49658.62
10826,49658.62
10827,49658.62
10828,49658.63
10829,49658.63
10830,49658.63
10831,49658.63
10832,49658.63
10833,49658.64
10834,49658.64
10835,49658.64
10836,49658.64
10837,49658.64
10838,49658.65
10839,49658.65
10840,49658.65
10841,49658.65
10842,49658.65
10843,49658.66
10844,49658.66
10845,49658.66
10846,49658.66
10847,49658.66
10848,49658.67
10849,49658.67
10850,49658.67
10851,49658.67
10852,49658.67
10853,49658.68
10854,49658.68
10855,49658.68
10856,49658.68
10857,49658.68
10858,49658.69
10859,49658.69
10860,49658.69
10861,49658.69
10862,49658.69
10863,49658.7
10864,49658.7
10865,49658.7
10866,49658.7
10867,49658.7
10868,49658.71
10869,49658.71
10870,49658.71
10871,49658.71
10872,49658.71
10873,49658.72
10874,49658.72
10875,49658.72
10876,49658.72
10877,49658.72
10878,49658.73
10879,49658.73
10880,49658.73
10881,49658.73
10882,49658.73
10883,49658.74
10884,49658.74
10885,49658.74
10886,49658.74
10887,49658.74
10888,49658.75
10889,49658.75
10890,49658.75
10891,49658.75
10892,49658.75
10893,49658.76
10894,49658.76
10895,49658.76
10896,49658.76
10897,49658.76
10898,49658.77
10899,49658.77
10900,49658.77
10901,49658.77
10902,49658.77
10903,49658.78
10904,49658.78
10905,49658.78
10906,49658.78
10907,49658.78
10908,49658.79
10909,49658.79
10910,49658.79
10911,49658.79
10912,49658.79
10913,49658.8
10914,49658.8
10915,49658.8
10916,49658.8
10917,49658.8
10918,49658.81
10919,49658.81
10920,49658.81
10921,49658.81
10922,49658.81
10923,49658.81
10924,49658.82
10925,49658.82
10926,49658.82
10927,49658.82
10928,49658.82
10929,49658.83
10930,49658.83
10931,49658.83
10932,49658.83
10933,49658.83
10934,49658.84
10935,49658.84
10936,49658.84
10937,49658.84
10938,49658.84
10939,49658.85
10940,49658.85
10941,49658.85
10942,49658.85
10943,49658.85
10944,49658.86
10945,49658.86
10946,49658.86
10947,49658.86
10948,49658.86
10949,49658.87
10950,49658.87
10951,49658.87
10952,49658.87
10953,49658.87
10954,49658.88
10955,49658.88
10956,49658.88
10957,49658.88
10958,49658.88
10959,49658.89
10960,49658.89
10961,49658.89
10962,49658.89
10963,49658.89
10964,49658.9
10965,49658.9
10966,49658.9
10967,49658.9
10968,49658.9
10969,49658.91
10970,49658.91
10971,49658.91
10972,49658.91
10973,49658.91
10974,49658.92
10975,49658.92
10976,49658.92
10977,49658.92
10978,49658.92
10979,49658.93
10980,49658.93
10981,49658.93
10982,49658.93
10983,49658.93
10984,49658.94
10985,49658.94
10986,49658.94
10987,49658.94
10988,49658.94
10989,49658.95
10990,49658.95
10991,49658.95
10992,49658.95
10993,49658.95
10994,49658.96
10995,49658.96
10996,49658.96
10997,49658.96
10998,49658.96
10999,49658.97
11000,49658.97
11001,49658.97
11002,49658.97
11003,49658.97
11004,49658.98
11005,49658.98
11006,49658.98
11007,49658.98
11008,49658.98
11009,49658.98
11010,49658.99
11011,49658.99
11012,49658.99
11013,49658.99
11014,49658.99
11015,49659.0
11016,49659.0
11017,49659.0
11018,49659.0
11019,49659.0
11020,49659.01
11021,49659.01
11022,49659.01
11023,49659.01
11024,49659.01
11025,49659.02
11026,49659.02
11027,49659.02
11028,49659.02
11029,49659.02
11030,49659.03
11031,49659.03
11032,49659.03
11033,49659.03
11034,49659.03
11035,49659.04
11036,49659.04
11037,49659.04
11038,49659.04
11039,49659.04
11040,49659.05
11041,49659.05
11042,49659.05
11043,49659.05
11044,49659.06
11045,49659.06
11046,49659.06
11047,49659.06
11048,49659.06
11049,49659.07
11050,49659.07
11051,49659.07
11052,49659.07
11053,49659.07
11054,49659.08
11055,49659.08
11056,49659.08
11057,49659.08
11058,49659.08
11059,49659.09
11060,49659.09
11061,49659.09
11062,49659.09
11063,49659.09
11064,49659.1
11065,49659.1
11066,49659.1
11067,49659.1
11068,49659.1
11069,49659.11
11070,49659.11
11071,49659.11
11072,49659.11
11073,49659.11
11074,49659.12
11075,49659.12
11076,49659.12
11077,49659.12
11078,49659.12
11079,49659.13
11080,49659.13
11081,49659.13
11082,49659.13
11083,49659.13
11084,49659.14
11085,49659.14
11086,49659.14
11087,49659.14
11088,49659.14
11089,49659.15
11090,49659.15
11091,49659.15
11092,49659.15
11093,49659.15
11094,49659.15
11095,49659.16
11096,49659.16
11097,49659.16
11098,49659.16
11099,49659.16
11100,49659.17
11101,49659.17
11102,49659.17
11103,49659.17
11104,49659.17
11105,49659.18
11106,49659.18
11107,49659.18
11108,49659.18
11109,49659.18
11110,49659.19
11111,49659.19
11112,49659.19
11113,49659.19
11114,49659.19
11115,49659.2
11116,49659.2
11117,49659.2
11118,49659.2
11119,49659.2
11120,49659.21
11121,49659.21
11122,49659.21
11123,49659.21
11124,49659.21
11125,49659.22
11126,49659.22
11127,49659.22
11128,49659.22
11129,49659.22
11130,49659.23
11131,49659.23
11132,49659.23
11133,49659.23
11134,49659.23
11135,49659.24
11136,49659.24
11137,49659.24
11138,49659.24
11139,49659.24
11140,49659.25
11141,49659.25
11142,49659.25
11143,49659.25
11144,49659.25
11145,49659.26
11146,49659.26
11147,49659.26
11148,49659.26
11149,49659.26
11150,49659.27
11151,49659.27
11152,49659.27
11153,49659.27
11154,49659.27
11155,49659.28
11156,49659.28
11157,49659.28
11158,49659.28
11159,49659.28
11160,49659.29
11161,49659.29
11162,49659.29
11163,49659.29
11164,49659.29
11165,49659.3
11166,49659.3
11167,49659.3
11168,49659.3
11169,49659.3
11170,49659.31
11171,49659.31
11172,49659.31
11173,49659.31
11174,49659.31
11175,49659.31
11176,49659.32
11177,49659.32
11178,49659.32
11179,49659.32
11180,49659.33
11181,49659.33
11182,49659.33
11183,49659.33
11184,49659.33
11185,49659.34
11186,49659.34
11187,49659.34
11188,49659.34
11189,49659.34
11190,49659.35
11191,49659.35
11192,49659.35
11193,49659.35
11194,49659.35
11195,49659.36
11196,49659.36
11197,49659.36
11198,49659.36
11199,49659.36
11200,49659.37
11201,49659.37
11202,49659.37
11203,49659.37
11204,49659.37
11205,49659.38
11206,49659.38
11207,49659.38
11208,49659.38
11209,49659.38
11210,49659.39
11211,49659.39
11212,49659.39
11213,49659.39
11214,49659.39
11215,49659.4
11216,49659.4
11217,49659.4
11218,49659.4
11219,49659.4
11220,49659.41
11221,49659.41
11222,49659.41
11223,49659.41
11224,49659.41
11225,49659.42
11226,49659.42
11227,49659.42
11228,49659.42
11229,49659.42
11230,49659.43
11231,49659.43
11232,49659.43
11233,49659.43
11234,49659.43
11235,49659.44
11236,49659.44
11237,49659.44
11238,49659.44
11239,49659.44
11240,49659.45
11241,49659.45
11242,49659.45
11243,49659.45
11244,49659.45
11245,49659.46
11246,49659.46
11247,49659.46
11248,49659.46
11249,49659.46
11250,49659.47
11251,49659.47
11252,49659.47
11253,49659.47
11254,49659.47
11255,49659.48
11256,49659.48
11257,49659.48
11258,49659.48
11259,49659.48
11260,49659.48
11261,49659.49
11262,49659.49
11263,49659.49
11264,49659.49
11265,49659.49
11266,49659.5
11267,49659.5
11268,49659.5
11269,49659.5
11270,49659.5
11271,49659.51
11272,49659.51
11273,49659.51
11274,49659.51
11275,49659.51
11276,49659.52
11277,49659.52
11278,49659.52
11279,49659.52
11280,49659.52
11281,49659.53
11282,49659.53
11283,49659.53
11284,49659.53
11285,49659.53
11286,49659.54
11287,49659.54
11288,49659.54
11289,49659.54
11290,49659.54
11291,49659.55
11292,49659.55
11293,49659.55
11294,49659.55
11295,49659.55
11296,49659.56
11297,49659.56
11298,49659.56
11299,49659.56
11300,49659.56
11301,49659.57
11302,49659.57
11303,49659.57
11304,49659.57
11305,49659.57
11306,49659.58
11307,49659.58
11308,49659.58
11309,49659.58
11310,49659.58
11311,49659.59
11312,49659.59
11313,49659.59
11314,49659.59
11315,49659.59
11316,49659.6
11317,49659.6
11318,49659.6
11319,49659.6
11320,49659.6
11321,49659.61
11322,49659.61
11323,49659.61
11324,49659.61
11325,49659.61
11326,49659.62
11327,49659.62
11328,49659.62
11329,49659.62
11330,49659.62
11331,49659.63
11332,49659.63
11333,49659.63
11334,49659.63
11335,49659.63
11336,49659.64
11337,49659.64
11338,49659.64
11339,49659.64
11340,49659.64
11341,49659.65
11342,49659.65
11343,49659.65
11344,49659.65
11345,49659.65
11346,49659.66
11347,49659.66
11348,49659.66
11349,49659.66
11350,49659.66
11351,49659.67
11352,49659.67
11353,49659.67
11354,49659.67
11355,49659.67
11356,49659.68
11357,49659.68
11358,49659.68
11359,49659.68
11360,49659.68
11361,49659.69
11362,49659.69
11363,49659.69
11364,49659.69
11365,49659.69
11366,49659.7
11367,49659.7
11368,49659.7
11369,49659.7
11370,49659.7
11371,49659.71
11372,49659.71
11373,49659.71
11374,49659.71
11375,49659.71
11376,49659.72
11377,49659.72
11378,49659.72
11379,49659.72
11380,49659.72
11381,49659.73
11382,49659.73
11383,49659.73
11384,49659.73
11385,49659.73
11386,49659.74
11387,49659.74
11388,49659.74
11389,49659.74
11390,49659.74
11391,49659.75
11392,49659.75
11393,49659.75
11394,49659.75
11395,49659.75
11396,49659.76
11397,49659.76
11398,49659.76
11399,49659.76
11400,49659.76
11401,49659.77
11402,49659.77
11403,49659.77
11404,49659.77
11405,49659.77
11406,49659.78
11407,49659.78
11408,49659.78
11409,49659.78
11410,49659.78
11411,49659.79
11412,49659.79
11413,49659.79
11414,49659.79
11415,49659.79
11416,49659.8
11417,49659.8
11418,49659.8
11419,49659.8
11420,49659.8
11421,49659.81
11422,49659.81
11423,49659.81
11424,49659.81
11425,49659.81
11426,49659.81
11427,49659.82
11428,49659.82
11429,49659.82
11430,49659.82
11431,49659.82
11432,49659.83
11433,49659.83
11434,49659.83
11435,49659.83
11436,49659.83
11437,49659.84
11438,49659.84
11439,49659.84
11440,49659.84
11441,49659.84
11442,49659.85
11443,49659.85
11444,49659.85
11445,49659.85
11446,49659.85
11447,49659.86
11448,49659.86
11449,49659.86
11450,49659.86
11451,49659.86
11452,49659.87
11453,49659.87
11454,49659.87
11455,49659.87
11456,49659.87
11457,49659.88
11458,49659.88
11459,49659.88
11460,49659.88
11461,49659.88
11462,49659.89
11463,49659.89
11464,49659.89
11465,49659.89
11466,49659.89
11467,49659.9
11468,49659.9
11469,49659.9
11470,49659.9
11471,49659.9
11472,49659.91
11473,49659.91
11474,49659.91
11475,49659.91
11476,49659.91
11477,49659.92
11478,49659.92
11479,49659.92
11480,49659.92
11481,49659.92
11482,49659.93
11483,49659.93
11484,49659.93
11485,49659.93
11486,49659.93
11487,49659.94
11488,49659.94
11489,49659.94
11490,49659.94
11491,49659.94
11492,49659.95
11493,49659.95
11494,49659.95
11495,49659.95
11496,49659.95
11497,49659.96
11498,49659.96
11499,49659.96
11500,49659.96
11501,49659.96
11502,49659.97
11503,49659.97
11504,49659.97
11505,49659.97
11506,49659.97
11507,49659.98
11508,49659.98
11509,49659.98
11510,49659.98
11511,49659.98
11512,49659.98
11513,49659.99
11514,49659.99
11515,49659.99
11516,49659.99
11517,49659.99
11518,49660.0
11519,49660.0
11520,49660.0
11521,49660.0
11522,49660.0
11523,49660.01
11524,49660.01
11525,49660.01
11526,49660.01
11527,49660.01
11528,49660.02
11529,49660.02
11530,49660.02
11531,49660.02
11532,49660.02
11533,49660.03
11534,49660.03
11535,49660.03
11536,49660.03
11537,49660.03
11538,49660.04
11539,49660.04
11540,49660.04
11541,49660.04
11542,49660.04
11543,49660.05
11544,49660.05
11545,49660.05
11546,49660.05
11547,49660.05
11548,49660.06
11549,49660.06
11550,49660.06
11551,49660.06
11552,49660.06
11553,49660.07
11554,49660.07
11555,49660.07
11556,49660.07
11557,49660.07
11558,49660.08
11559,49660.08
11560,49660.08
11561,49660.08
11562,49660.08
11563,49660.09
11564,49660.09
11565,49660.09
11566,49660.09
11567,49660.09
11568,49660.1
11569,49660.1
11570,49660.1
11571,49660.1
11572,49660.1
11573,49660.11
11574,49660.11
11575,49660.11
11576,49660.11
11577,49660.11
11578,49660.12
11579,49660.12
11580,49660.12
11581,49660.12
11582,49660.12
11583,49660.13
11584,49660.13
11585,49660.13
11586,49660.13
11587,49660.13
11588,49660.14
11589,49660.14
11590,49660.14
11591,49660.14
11592,49660.14
11593,49660.15
11594,49660.15
11595,49660.15
11596,49660.15
11597,49660.15
11598,49660.16
11599,49660.16
11600,49660.16
11601,49660.16
11602,49660.16
11603,49660.17
11604,49660.17
11605,49660.17
11606,49660.17
11607,49660.17
11608,49660.18
11609,49660.18
11610,49660.18
11611,49660.18
11612,49660.18
11613,49660.19
11614,49660.19
11615,49660.19
11616,49660.19
11617,49660.19
11618,49660.2
11619,49660.2
11620,49660.2
11621,49660.2
11622,49660.2
11623,49660.21
11624,49660.21
11625,49660.21
11626,49660.21
11627,49660.21
11628,49660.22
11629,49660.22
11630,49660.22
11631,49660.22
11632,49660.22
11633,49660.23
11634,49660.23
11635,49660.23
11636,49660.23
11637,49660.23
11638,49660.24
11639,49660.24
11640,49660.24
11641,49660.24
11642,49660.24
11643,49660.25
11644,49660.25
11645,49660.25
11646,49660.25
11647,49660.25
11648,49660.26
11649,49660.26
11650,49660.26
11651,49660.26
11652,49660.26
11653,49660.27
11654,49660.27
11655,49660.27
11656,49660.27
11657,49660.27
11658,49660.28
11659,49660.28
11660,49660.28
11661,49660.28
11662,49660.28
11663,49660.29
11664,49660.29
11665,49660.29
11666,49660.29
11667,49660.29
11668,49660.3
11669,49660.3
11670,49660.3
11671,49660.3
11672,49660.3
11673,49660.31
11674,49660.31
11675,49660.31
11676,49660.31
11677,49660.31
11678,49660.32
11679,49660.32
11680,49660.32
11681,49660.32
11682,49660.32
11683,49660.32
11684,49660.33
11685,49660.33
11686,49660.33
11687,49660.33
11688,49660.33
11689,49660.34
11690,49660.34
11691,49660.34
11692,49660.34
11693,49660.34
11694,49660.35
11695,49660.35
11696,49660.35
11697,49660.35
11698,49660.35
11699,49660.36
11700,49660.36
11701,49660.36
11702,49660.36
11703,49660.37
11704,49660.37
11705,49660.37
11706,49660.37
11707,49660.37
11708,49660.38
11709,49660.38
11710,49660.38
11711,49660.38
11712,49660.38
11713,49660.39
11714,49660.39
11715,49660.39
11716,49660.39
11717,49660.39
11718,49660.4
11719,49660.4
11720,49660.4
11721,49660.4
11722,49660.4
11723,49660.41
11724,49660.41
11725,49660.41
11726,49660.41
11727,49660.41
11728,49660.42
11729,49660.42
11730,49660.42
11731,49660.42
11732,49660.42
11733,49660.43
11734,49660.43
11735,49660.43
11736,49660.43
11737,49660.43
11738,49660.44
11739,49660.44
11740,49660.44
11741,49660.44
11742,49660.44
11743,49660.45
11744,49660.45
11745,49660.45
11746,49660.45
11747,49660.45
11748,49660.46
11749,49660.46
11750,49660.46
11751,49660.46
11752,49660.46
11753,49660.47
11754,49660.47
11755,49660.47
11756,49660.47
11757,49660.47
11758,49660.48
11759,49660.48
11760,49660.48
11761,49660.48
11762,49660.48
11763,49660.48
11764,49660.49
11765,49660.49
11766,49660.49
11767,49660.49
11768,49660.49
11769,49660.5
11770,49660.5
11771,49660.5
11772,49660.5
11773,49660.5
11774,49660.51
11775,49660.51
11776,49660.51
11777,49660.51
11778,49660.51
11779,49660.52
11780,49660.52
11781,49660.52
11782,49660.52
11783,49660.52
11784,49660.53
11785,49660.53
11786,49660.53
11787,49660.53
11788,49660.53
11789,49660.54
11790,49660.54
11791,49660.54
11792,49660.54
11793,49660.54
11794,49660.55
11795,49660.55
11796,49660.55
11797,49660.55
11798,49660.55
11799,49660.56
11800,49660.56
11801,49660.56
11802,49660.56
11803,49660.56
11804,49660.57
11805,49660.57
11806,49660.57
11807,49660.57
11808,49660.57
11809,49660.58
11810,49660.58
11811,49660.58
11812,49660.58
11813,49660.58
11814,49660.59
11815,49660.59
11816,49660.59
11817,49660.59
11818,49660.59
11819,49660.6
11820,49660.6
11821,49660.6
11822,49660.6
11823,49660.6
11824,49660.61
11825,49660.61
11826,49660.61
11827,49660.61
11828,49660.61
11829,49660.62
11830,49660.62
11831,49660.62
11832,49660.62
11833,49660.62
11834,49660.63
11835,49660.63
11836,49660.63
11837,49660.63
11838,49660.63
11839,49660.64
11840,49660.64
11841,49660.64
11842,49660.64
11843,49660.64
11844,49660.65
11845,49660.65
11846,49660.65
11847,49660.65
11848,49660.65
11849,49660.65
11850,49660.66
11851,49660.66
11852,49660.66
11853,49660.66
11854,49660.66
11855,49660.67
11856,49660.67
11857,49660.67
11858,49660.67
11859,49660.67
11860,49660.68
11861,49660.68
11862,49660.68
11863,49660.68
11864,49660.68
11865,49660.69
11866,49660.69
11867,49660.69
11868,49660.69
11869,49660.69
11870,49660.7
11871,49660.7
11872,49660.7
11873,49660.7
11874,49660.7
11875,49660.71
11876,49660.71
11877,49660.71
11878,49660.71
11879,49660.71
11880,49660.72
11881,49660.72
11882,49660.72
11883,49660.72
11884,49660.72
11885,49660.73
11886,49660.73
11887,49660.73
11888,49660.73
11889,49660.73
11890,49660.74
11891,49660.74
11892,49660.74
11893,49660.74
11894,49660.74
11895,49660.75
11896,49660.75
11897,49660.75
11898,49660.75
11899,49660.75
11900,49660.76
11901,49660.76
11902,49660.76
11903,49660.76
11904,49660.76
11905,49660.77
11906,49660.77
11907,49660.77
11908,49660.77
11909,49660.77
11910,49660.78
11911,49660.78
11912,49660.78
11913,49660.78
11914,49660.78
11915,49660.79
11916,49660.79
11917,49660.79
11918,49660.79
11919,49660.79
11920,49660.8
11921,49660.8
11922,49660.8
11923,49660.8
11924,49660.8
11925,49660.81
11926,49660.81
11927,49660.81
11928,49660.81
11929,49660.81
11930,49660.82
11931,49660.82
11932,49660.82
11933,49660.82
11934,49660.82
11935,49660.83
11936,49660.83
11937,49660.83
11938,49660.83
11939,49660.83
11940,49660.84
11941,49660.84
11942,49660.84
11943,49660.84
11944,49660.84
11945,49660.85
11946,49660.85
11947,49660.85
11948,49660.85
11949,49660.85
11950,49660.86
11951,49660.86
11952,49660.86
11953,49660.86
11954,49660.86
11955,49660.87
11956,49660.87
11957,49660.87
11958,49660.87
11959,49660.87
11960,49660.88
11961,49660.88
11962,49660.88
11963,49660.88
11964,49660.88
11965,49660.89
11966,49660.89
11967,49660.89
11968,49660.89
11969,49660.89
11970,49660.9
11971,49660.9
11972,49660.9
11973,49660.9
11974,49660.9
11975,49660.91
11976,49660.91
11977,49660.91
11978,49660.91
11979,49660.91
11980,49660.92
11981,49660.92
11982,49660.92
11983,49660.92
11984,49660.92
11985,49660.93
11986,49660.93
11987,49660.93
11988,49660.93
11989,49660.93
11990,49660.94
11991,49660.94
11992,49660.94
11993,49660.94
11994,49660.94
11995,49660.95
11996,49660.95
11997,49660.95
11998,49660.95
11999,49660.95
12000,49660.96
12001,49660.96
12002,49660.96
12003,49660.96
12004,49660.96
12005,49660.97
12006,49660.97
12007,49660.97
12008,49660.97
12009,49660.97
12010,49660.98
12011,49660.98
12012,49660.98
12013,49660.98
12014,49660.98
12015,49660.98
12016,49660.99
12017,49660.99
12018,49660.99
12019,49660.99
12020,49660.99
12021,49661.0
12022,49661.0
12023,49661.0
12024,49661.0
12025,49661.0
12026,49661.01
12027,49661.01
12028,49661.01
12029,49661.01
12030,49661.01
12031,49661.02
12032,49661.02
12033,49661.02
12034,49661.02
12035,49661.02
12036,49661.03
12037,49661.03
12038,49661.03
12039,49661.03
12040,49661.03
12041,49661.04
12042,49661.04
12043,49661.04
12044,49661.04
12045,49661.04
12046,49661.05
12047,49661.05
12048,49661.05
12049,49661.05
12050,49661.05
12051,49661.06
12052,49661.06
12053,49661.06
12054,49661.06
12055,49661.06
12056,49661.07
12057,49661.07
12058,49661.07
12059,49661.07
12060,49661.07
12061,49661.08
12062,49661.08
12063,49661.08
12064,49661.08
12065,49661.08
12066,49661.09
12067,49661.09
12068,49661.09
12069,49661.09
12070,49661.09
12071,49661.1
12072,49661.1
12073,49661.1
12074,49661.1
12075,49661.1
12076,49661.11
12077,49661.11
12078,49661.11
12079,49661.11
12080,49661.11
12081,49661.12
12082,49661.12
12083,49661.12
12084,49661.12
12085,49661.12
12086,49661.13
12087,49661.13
12088,49661.13
12089,49661.13
12090,49661.13
12091,49661.14
12092,49661.14
12093,49661.14
12094,49661.14
12095,49661.14
12096,49661.15
12097,49661.15
12098,49661.15
